2 0.6864182692307692 0.4897115384615385 0.08480769230769224 0.05302884615384616
2 0.7950240384615385 0.5014663461538462 0.12336538461538474 0.11067307692307697
2 0.6857451923076923 0.06475961538461539 0.08454326923076913 0.05978365384615384
6 0.6771634615384615 0.011682692307692307 0.0529567307692307 0.023341346153846157
6 0.7254086538461538 0.015865384615384615 0.05091346153846142 0.03173076923076923
2 0.7948798076923077 0.05521634615384615 0.12252403846153853 0.10324519230769232
2 0.7971153846153847 0.9400961538461539 0.1269951923076924 0.10377403846153836
2 0.6868990384615384 0.9508653846153846 0.08206730769230766 0.06278846153846154
6 0.6757692307692308 0.8897355769230769 0.052596153846153834 0.03670673076923073
6 0.729326923076923 0.8900961538461538 0.06593749999999989 0.051826923076922944
6 0.7185817307692308 0.5298557692307692 0.03485576923076923 0.047668269230769195
6 0.6762980769230769 0.5521875 0.04644230769230781 0.02987980769230771
7 0.7536778846153845 0.6659375 0.14829326923076935 0.1515865384615384
7 0.7561538461538462 0.7743749999999999 0.16526442307692307 0.14730769230769225
8 0.6010336538461538 0.8583653846153846 0.26358173076923086 0.24771634615384605
8 0.6467788461538462 0.8579567307692308 0.41382211538461533 0.2682451923076924
8 0.6543269230769231 0.56625 0.39956730769230775 0.24307692307692308
8 0.5945913461538461 0.5715144230769231 0.2640865384615384 0.2135336538461539