2 0.5339423076923077 0.30098557692307687 0.09012019230769233 0.05649038461538458
2 0.7091346153846154 0.3180288461538462 0.11057692307692307 0.06927884615384614
2 0.3853605769230769 0.3404086538461539 0.10509615384615391 0.06372596153846152
2 0.9039663461538462 0.23908653846153843 0.19050480769230768 0.1308653846153846
7 0.3672596153846154 0.49810096153846156 0.14605769230769228 0.1634375
7 0.5526442307692307 0.44730769230769235 0.12528846153846154 0.1374038461538462
7 0.7270673076923077 0.4616826923076923 0.1582451923076924 0.1352403846153846
7 0.8960817307692307 0.5058894230769231 0.20781250000000012 0.2305288461538461
2 0.5328365384615384 0.045432692307692306 0.07882211538461543 0.05139423076923076
8 0.38276442307692304 0.013990384615384616 0.08086538461538459 0.027956730769230775
8 0.7109375 0.02699519230769231 0.09850961538461543 0.05225961538461539
8 0.9038461538461539 0.10216346153846154 0.19230769230769232 0.12740384615384615
6 0.70125 0.37629807692307693 0.05396634615384626 0.029735576923076934
6 0.5299759615384615 0.3587980769230769 0.04221153846153847 0.032475961538461516
6 0.4051201923076923 0.39709134615384617 0.04319711538461531 0.030096153846153804
6 0.8762259615384616 0.35812499999999997 0.106298076923077 0.05862980769230766
8 0.9029567307692308 0.07992788461538461 0.19408653846153848 0.15985576923076922
8 0.534375 0.030841346153846157 0.0922115384615385 0.06165865384615384
8 0.716923076923077 0.47081730769230773 0.1860336538461538 0.3835817307692307
8 0.8462980769230769 0.4689903846153846 0.30740384615384614 0.5963221153846153
8 0.8581730769230769 0.8990384615384616 0.28365384615384615 0.1971153846153846
8 0.5218990384615385 0.4826682692307692 0.22524038461538465 0.4244471153846154
8 0.37790865384615385 0.5180288461538461 0.18790865384615388 0.4230769230769231