2 0.108125 0.4009638554216868 0.07019230769230769 0.06638554216867473
5 0.3205528846153846 0.6298072289156627 0.11444711538461541 0.058265060240963805
5 0.4174038461538461 0.5482168674698795 0.11923076923076928 0.07404819277108438
5 0.6630048076923077 0.44602409638554213 0.11254807692307697 0.11749397590361443
5 0.625985576923077 0.13821686746987952 0.0796634615384615 0.04925301204819277
5 0.4718269230769231 0.16759036144578313 0.06326923076923076 0.0391566265060241
5 0.31206730769230767 0.22679518072289157 0.035649038461538454 0.01985542168674701
6 0.10439903846153846 0.45373493975903617 0.035817307692307704 0.02968674698795179
1 0.19247596153846153 0.6604578313253011 0.036875000000000005 0.0506987951807228
6 0.30990384615384614 0.2523614457831325 0.021009615384615408 0.015879518072289166
6 0.46641826923076923 0.22036144578313255 0.03528846153846155 0.031084337349397605
6 0.6322836538461538 0.2010602409638554 0.04764423076923082 0.037228915662650575
6 0.6997115384615384 0.5231566265060241 0.06230769230769221 0.0446024096385542
6 0.4177644230769231 0.6463855421686747 0.06504807692307693 0.032891566265060186
7 0.19502403846153846 0.5097831325301205 0.13466346153846157 0.12802409638554216
7 0.2800480769230769 0.8333734939759037 0.30814903846153846 0.3173734939759037
7 0.44483173076923077 0.6959759036144578 0.12259615384615384 0.18368674698795184
7 0.7753365384615385 0.5884096385542169 0.2616586538461539 0.26118072289156624
7 0.6443509615384616 0.3040722891566265 0.16036057692307695 0.16053012048192772
7 0.47384615384615386 0.32163855421686743 0.1085336538461538 0.18546987951807226
7 0.31971153846153844 0.2939518072289157 0.0681009615384615 0.061228915662650596
8 0.31449519230769235 0.3431084337349397 0.09201923076923081 0.2593734939759036
8 0.16918269230769228 0.5343855421686746 0.18942307692307694 0.3355662650602409
8 0.33774038461538464 0.7987951807228916 0.43990384615384615 0.40240963855421685
8 0.45908653846153846 0.7064819277108434 0.23694711538461538 0.4284819277108434
8 0.7601201923076922 0.651879518072289 0.3925961538461539 0.5326746987951807
8 0.47497596153846156 0.35293975903614455 0.1588461538461538 0.42019277108433734
8 0.6496634615384616 0.3288433734939759 0.20603365384615385 0.44426506024096385