8 0.96875 0.6265060240963856 0.0625 0.7469879518072289
8 0.965625 0.10775903614457831 0.06872596153846161 0.21551807228915662
8 0.5538221153846153 0.11255421686746986 0.2959134615384616 0.2250843373493976
8 0.4234375 0.11486746987951808 0.22747596153846153 0.22626506024096388
8 0.06387019230769231 0.10110843373493976 0.12771634615384617 0.19874698795180723
8 0.09507211538461538 0.5161927710843374 0.19014423076923076 0.5607951807228915
8 0.08209134615384615 0.8975903614457831 0.1641826923076923 0.20481927710843373
8 0.44122596153846155 0.48248192771084336 0.2321634615384615 0.5208915662650603
8 0.5487500000000001 0.5622409638554218 0.29269230769230775 0.6976385542168674
1 0.3627163461538461 0.49985542168674696 0.04764423076923075 0.0771807228915662
7 0.061875 0.5039518072289156 0.12375 0.457132530120482
7 0.05870192307692308 0.0957590361445783 0.11740384615384616 0.1743132530120482
7 0.9699519230769231 0.07349397590361446 0.06009615384615385 0.14698795180722893
7 0.9723557692307693 0.372289156626506 0.055288461538461536 0.18072289156626506
11 0.5405528846153846 0.3883132530120482 0.23509615384615382 0.2533975903614458
11 0.40057692307692305 0.37990361445783133 0.10966346153846154 0.22624096385542167
11 0.40384615384615385 0.08313253012048193 0.10096153846153846 0.16626506024096385
11 0.5454086538461538 0.08730120481927711 0.22072115384615376 0.16771084337349396
2 0.626826923076923 0.18443373493975906 0.11572115384615381 0.06248192771084339
2 0.4767548076923077 0.182 0.11435096153846153 0.07139759036144577
2 0.48050480769230763 0.2535421686746988 0.11841346153846152 0.0802168674698795
2 0.6229326923076923 0.2566024096385542 0.12168269230769233 0.07949397590361448