2 0.2735336538461538 0.4611084337349398 0.08562499999999998 0.04440963855421688
2 0.4633894230769231 0.45826506024096386 0.06353365384615386 0.04903614457831331
2 0.3390384615384615 0.5159518072289156 0.03463942307692314 0.037084337349397554
2 0.6212980769230769 0.04710843373493976 0.0771634615384616 0.08390361445783133
2 0.6251442307692308 0.2857349397590362 0.08487980769230777 0.07578313253012049
6 0.6493269230769231 0.010578313253012048 0.05081730769230766 0.021156626506024095
6 0.6422596153846154 0.3317831325301205 0.05043269230769235 0.03363855421686742
6 0.47704326923076923 0.49392771084337345 0.025600961538461482 0.020578313253012098
6 0.32572115384615385 0.5460240963855422 0.02173076923076928 0.021493975903614498
6 0.27127403846153847 0.48932530120481926 0.046802884615384614 0.025132530120481944
11 0.20384615384615384 0.5898072289156627 0.16949519230769236 0.11250602409638553
7 0.30781250000000004 0.5857349397590361 0.061466346153846135 0.0526987951807229
7 0.4841826923076923 0.5601927710843373 0.0914182692307693 0.11525301204819273
7 0.8058413461538462 0.3897831325301205 0.25394230769230763 0.2219277108433735
7 0.7664182692307692 0.025638554216867473 0.15449519230769226 0.051277108433734946
8 0.7812259615384616 0.48019277108433733 0.4375480769230769 0.46640963855421685
8 0.21709134615384615 0.5673734939759036 0.3489423076923076 0.27028915662650604
8 0.3077884615384615 0.5573975903614458 0.08564903846153846 0.12681927710843371
8 0.4560096153846154 0.6042891566265061 0.1700961538461538 0.3431084337349398