2 0.8610336538461538 0.2470843373493976 0.12752403846153834 0.1256867469879518
2 0.12903846153846152 0.3277831325301205 0.12252403846153845 0.1224096385542169
6 0.8364663461538462 0.015060240963855422 0.06110576923076913 0.030120481927710843
6 0.8376923076923077 0.3272530120481928 0.053221153846153814 0.03836144578313253
6 0.13596153846153847 0.42262650602409635 0.026826923076923068 0.03633734939759032
1 0.1892548076923077 0.4586746987951807 0.10250000000000002 0.10151807228915662
1 0.11512019230769231 0.5007951807228916 0.09846153846153848 0.06872289156626502
1 0.8310817307692309 0.42853012048192773 0.11211538461538459 0.061879518072289176
1 0.8944230769230769 0.4852771084337349 0.06884615384615381 0.06785542168674705
2 0.12711538461538463 0.03178313253012048 0.12591346153846156 0.06354216867469879
8 0.8370192307692308 0.07751807228915664 0.16867788461538452 0.14816867469879522
2 0.8652163461538461 0.08284337349397591 0.11514423076923072 0.1278313253012048
7 0.7926682692307693 0.462289156626506 0.19670673076923087 0.2877349397590362
7 0.1594951923076923 0.5263855421686747 0.218125 0.22315662650602414
8 0.14810096153846153 0.5659518072289157 0.29617788461538463 0.5948915662650602
8 0.8027163461538461 0.5853253012048193 0.3163942307692308 0.8092048192771084