6 0.8501510416666667 0.5933437744714174 0.02486458333333322 0.019890368050117534
4 0.5693854166666666 0.2029522317932655 0.08572916666666662 0.112239624119029
4 0.25418749999999996 0.2578230227094753 0.10117187499999997 0.12019577133907597
5 0.2680208333333333 0.15674236491777604 0.10019270833333337 0.0628974158183242
5 0.5418802083333334 0.07937353171495692 0.13228645833333338 0.06869224745497259
5 0.8328125 0.5675411119812059 0.029255208333333373 0.023093187157400163
7 0.5284270833333333 0.5959906029757244 0.2590208333333333 0.5576820673453408
7 0.20175 0.5967267032106499 0.293171875 0.5199921691464369
7 0.8382395833333334 0.7037039937353171 0.07395833333333333 0.16230227094753327
8 0.8582447916666667 0.7681675802662491 0.11397395833333329 0.43217697729052457
8 0.5336875 0.519577133907596 0.4414166666666667 0.9608457321848082
8 0.18265104166666665 0.5548159749412686 0.3653020833333333 0.8903680501174628