2 0.39166666666666666 0.319109375 0.0736666666666667 0.04442187500000001
2 0.6385208333333333 0.32459375 0.08618750000000001 0.04903124999999999
2 0.2794166666666667 0.30681250000000004 0.03239583333333336 0.019187499999999958
2 0.34260416666666665 0.31696875 0.04162500000000004 0.01878124999999997
2 0.1421875 0.32940625 0.034291666666666686 0.019562499999999972
2 0.0903125 0.301375 0.03174999999999999 0.019265624999999974
2 0.12833333333333333 0.3130625 0.032729166666666656 0.015609375000000014
2 0.32489583333333333 0.301015625 0.025791666666666657 0.014296874999999964
6 0.15020833333333333 0.345203125 0.009750000000000014 0.00770312500000001
4 0.27547916666666666 0.323 0.015104166666666667 0.011374999999999958
6 0.33956250000000004 0.33765625 0.011854166666666662 0.011843749999999976
6 0.4078333333333333 0.36007812499999997 0.03620833333333332 0.020624999999999984
6 0.6397916666666668 0.36425 0.037020833333333295 0.019374999999999965
11 0.6518958333333333 0.44632812499999996 0.11891666666666675 0.15707812499999996
11 0.3762708333333334 0.4526875 0.14295833333333335 0.17100000000000004
11 0.28670833333333334 0.348203125 0.040791666666666636 0.056984374999999955
11 0.11122916666666667 0.33976562499999996 0.02797916666666668 0.020890625000000006
11 0.07702083333333333 0.3586875 0.04566666666666667 0.06714062500000004
7 0.12579166666666666 0.384125 0.05227083333333333 0.07353125
7 0.3182916666666667 0.342546875 0.019020833333333324 0.032468750000000046
7 0.33522916666666663 0.37301562499999996 0.05766666666666668 0.06453125000000001
8 0.08220833333333334 0.3835624999999999 0.05806250000000001 0.18298437499999998
8 0.12145833333333332 0.39071875 0.051625000000000004 0.17085937500000004
8 0.13029166666666667 0.405671875 0.056479166666666664 0.175515625
8 0.2767916666666667 0.37960937499999997 0.07225000000000001 0.17028125000000002
8 0.32356250000000003 0.380671875 0.04718749999999995 0.173609375
8 0.3374583333333333 0.34376562499999996 0.04772916666666672 0.07095312499999995
8 0.3688125 0.52525 0.17004166666666667 0.45915625000000004
8 0.6651041666666667 0.502875 0.1549375 0.4035781250000001