2 0.5614600000000001 0.6174038461538461 0.16209999999999997 0.2056089743589743
6 0.53738 0.7706410256410257 0.0295 0.049102564102564084
2 0.17830000000000001 0.8161858974358974 0.16688 0.21141025641025635
2 0.73434 0.4201602564102564 0.13229999999999995 0.1600961538461538
1 0.66386 0.5379807692307692 0.04022000000000003 0.09307692307692314
1 0.48356 0.8333653846153846 0.05965999999999997 0.06416666666666661
1 0.45033999999999996 0.8418589743589744 0.04208000000000004 0.07403846153846161
1 0.28792 0.8796153846153846 0.03725999999999999 0.09608974358974365
1 0.26422 0.8395192307692307 0.04096000000000001 0.08714743589743598
7 0.1948 0.9772115384615384 0.19765999999999997 0.04557692307692317
7 0.58658 0.8961858974358975 0.18568000000000007 0.20762820512820504
7 0.75726 0.7750961538461539 0.21592000000000008 0.449775641025641
8 0.749 0.6698717948717948 0.27 0.6602564102564102
8 0.55028 0.7573076923076923 0.2641800000000001 0.48538461538461536
8 0.2145 0.8534615384615384 0.29486 0.2930769230769232