8 0.13238 0.590960960960961 0.13684000000000004 0.8180480480480481
8 0.054 0.5840840840840841 0.108 0.8318318318318318
8 0.33574 0.6157057057057057 0.1624 0.7685885885885886
8 0.51 0.6126126126126126 0.188 0.7747747747747747
8 0.698 0.5840840840840841 0.152 0.8318318318318318
8 0.824 0.6141141141141141 0.144 0.7717717717717718
6 0.7999400000000001 0.34630630630630627 0.043700000000000044 0.039009009009009034
6 0.65366 0.31255255255255254 0.028819999999999936 0.05984984984984987
6 0.50808 0.3530930930930931 0.04823999999999995 0.045525525525525516
6 0.34434 0.33897897897897894 0.047799999999999954 0.045525525525525516
6 0.18080000000000002 0.3130630630630631 0.04074000000000001 0.04318318318318317
6 0.08014 0.31447447447447446 0.044120000000000006 0.07072072072072076
5 0.06414 0.2164264264264264 0.08506 0.07249249249249247
5 0.14665999999999998 0.221021021021021 0.09009999999999999 0.07459459459459461
5 0.34382 0.25423423423423425 0.05853999999999997 0.04564564564564561
5 0.50744 0.2568168168168168 0.07284000000000003 0.0578678678678679
5 0.6878 0.20744744744744745 0.0809000000000001 0.07567567567567567
5 0.81002 0.2602702702702703 0.07329999999999995 0.05774774774774772
7 0.813 0.5433333333333333 0.09570000000000005 0.34474474474474476
7 0.7050599999999999 0.553963963963964 0.11511999999999989 0.43663663663663677
7 0.5039600000000001 0.5542342342342342 0.14350000000000004 0.35948948948948944
7 0.33777999999999997 0.5069969969969971 0.11470000000000005 0.28270270270270265
7 0.1364 0.5205105105105106 0.12133999999999999 0.3662462462462462
7 0.04056 0.5681981981981982 0.08112 0.5110810810810811