2 0.29710000000000003 0.2651833333333334 0.17155 0.0951666666666667
2 0.8625499999999999 0.3080333333333333 0.22007499999999994 0.09856666666666665
2 0.45612499999999995 0.1792 0.11217500000000001 0.06030000000000001
5 0.153475 0.4619 0.161925 0.057133333333333286
5 0.506475 0.38315 0.16795000000000002 0.04590000000000003
9 0.7287250000000001 0.07396666666666667 0.210625 0.057949999999999995
20 0.6792 0.46636666666666665 0.641575 0.6460666666666667
6 0.449625 0.24468333333333334 0.07739999999999995 0.03271666666666666
6 0.8764 0.40790000000000004 0.14595 0.06581666666666668
6 0.278375 0.35241666666666666 0.10989999999999998 0.05816666666666663
6 0.50895 0.4843166666666666 0.11107500000000002 0.05198333333333342
6 0.16685 0.5651666666666667 0.106875 0.05700000000000008
7 0.208825 0.7065166666666667 0.2908 0.2563833333333334
7 0.5322749999999999 0.6393666666666666 0.32272499999999993 0.2654
7 0.9017000000000001 0.6154499999999999 0.196575 0.3575666666666666
11 0.253075 0.4683333333333333 0.2843 0.23334999999999997
7 0.441125 0.3005333333333333 0.1703999999999999 0.13771666666666665
8 0.46299999999999997 0.2603333333333333 0.23417500000000005 0.22399999999999995
8 0.87295 0.63 0.254075 0.74
8 0.55015 0.6791666666666667 0.40845 0.6416666666666667
8 0.233825 0.715 0.385825 0.57
8 0.24252500000000002 0.41113333333333335 0.41322499999999995 0.3922666666666667