2 0.4406666666666667 0.5614166666666667 0.1494047619047619 0.07228333333333334
2 0.4191666666666667 0.38305 0.11357142857142855 0.08418333333333332
2 0.2152857142857143 0.4058833333333333 0.06214285714285713 0.028416666666666687
6 0.42630952380952386 0.40923333333333334 0.04135714285714287 0.02848333333333329
6 0.4670714285714285 0.6187333333333334 0.027642857142857174 0.03080000000000003
7 0.2005952380952381 0.4703666666666667 0.06135714285714288 0.06741666666666674
7 0.3439761904761905 0.49156666666666665 0.19095238095238093 0.1798
7 0.3990952380952381 0.7199 0.21071428571428572 0.19645
8 0.2103095238095238 0.4552 0.07602380952380954 0.1237166666666667
8 0.36814285714285716 0.5068666666666667 0.22026190476190474 0.34038333333333337
8 0.4422857142857143 0.7343166666666666 0.3256904761904761 0.4019666666666666