7 0.702 0.040419161676646706 0.124 0.08083832335329341
7 0.72236 0.15814371257485027 0.16383999999999993 0.2423053892215569
7 0.1911 0.19622754491017966 0.17895999999999998 0.38188622754491014
7 0.28534 0.09281437125748503 0.08275999999999999 0.12925149700598804
7 0.03538 0.4576047904191617 0.07076 0.4185329341317366
2 0.07048 0.10718562874251496 0.14096 0.21434131736526948
2 0.60224 0.09179640718562873 0.08596000000000004 0.15895209580838324
2 0.95708 0.015688622754491018 0.04975999999999999 0.031377245508982035
6 0.98772 0.049820359281437125 0.024 0.03272455089820359
6 0.63202 0.1774550898203593 0.023200000000000047 0.030838323353293406
6 0.27098 0.03682634730538922 0.037559999999999975 0.04197604790419162
6 0.04324 0.24616766467065868 0.047959999999999996 0.06260479041916167
1 0.11844 0.8373652694610778 0.08775999999999999 0.11080838323353291
1 0.33606 0.12766467065868264 0.019480000000000018 0.07218562874251497
1 0.37326 0.1532934131736527 0.08684000000000003 0.10230538922155687
1 0.60362 0.2645508982035928 0.025220000000000027 0.0535928143712575
1 0.64764 0.43649700598802393 0.026200000000000046 0.05931137724550899
1 0.9708 0.22464071856287426 0.05840000000000009 0.05829341317365269
1 0.98198 0.4616467065868263 0.03603999999999996 0.09907185628742525
7 0.99198 0.2441317365269461 0.016039999999999964 0.3015568862275449
8 0.9282999999999999 0.3882934131736527 0.14340000000000008 0.7765868263473054
8 0.713 0.05239520958083832 0.186 0.10479041916167664
8 0.6794 0.35946107784431136 0.245 0.7048502994011975
8 0.2693 0.4491317365269461 0.36830000000000007 0.8982634730538922
8 0.08064 0.5 0.15808000000000003 1