2 0.5153 0.24512605042016808 0.16263999999999992 0.16347338935574227
0 0.90522 0.2994957983193277 0.18953999999999996 0.5954621848739496
5 0.35686 0.4785994397759104 0.009740000000000009 0.00826330532212882
5 0.30732 0.46574229691876756 0.011080000000000041 0.011092436974789859
5 0.29546 0.47809523809523813 0.008600000000000023 0.008403361344537815
7 0.35802 0.514985994397759 0.01775999999999999 0.03299719887955174
7 0.31312 0.49910364145658265 0.012059999999999946 0.03098039215686275
7 0.29336 0.5101960784313725 0.01908000000000004 0.03142857142857151
8 0.29454 0.5329691876750701 0.027960000000000037 0.12156862745098033
8 0.31104000000000004 0.49019607843137253 0.02015999999999997 0.06005602240896358
8 0.3373 0.5021568627450981 0.025340000000000033 0.07022408963585432
7 0.33896 0.5021288515406163 0.01967999999999995 0.03700280112044812
7 0.35806 0.5264705882352941 0.022779999999999974 0.10739495798319337
11 0.48266000000000003 0.7028851540616247 0.28191999999999995 0.5899159663865546
6 0.51628 0.40515406162464984 0.09166000000000002 0.08554621848739502
8 0.578 0.5784313725490197 0.488 0.8431372549019608