2 0.43595999999999996 0.22081850533807829 0.13501999999999997 0.176085409252669
2 0.08478 0.15185053380782917 0.16604000000000002 0.27049822064056944
2 0.7494400000000001 0.17978647686832738 0.11946000000000004 0.13868327402135228
2 0.15936 0.18256227758007115 0.03863999999999999 0.10608540925266904
5 0.29954000000000003 0.20491103202846975 0.08489999999999998 0.08551601423487545
6 0.14138 0.2872953736654804 0.024180000000000007 0.03683274021352311
6 0.08059999999999999 0.3701067615658363 0.0515 0.10758007117437719
6 0.30844 0.3218149466192171 0.03603999999999996 0.052170818505338064
6 0.71646 0.30658362989323845 0.021 0.04772241992882561
7 0.7371599999999999 0.6197864768683274 0.1824000000000001 0.583167259786477
7 0.41214 0.7214234875444839 0.219 0.557153024911032
7 0.31074 0.4291459074733096 0.022879999999999994 0.10302491103202843
7 0.22391999999999998 0.508185053380783 0.12257999999999998 0.39160142348754456
7 0.19013999999999998 0.40654804270462624 0.043920000000000015 0.17256227758007114
7 0.11703999999999999 0.4720640569395018 0.10881999999999997 0.3272953736654804
7 0.05381999999999999 0.7184697508896797 0.10762000000000001 0.5630604982206406
2 0.19228 0.21427046263345192 0.04371999999999997 0.07661921708185052
6 0.19028 0.2878291814946619 0.030879999999999994 0.03395017793594303
2 0.25502 0.27455516014234876 0.015900000000000004 0.03551601423487541
8 0.28306 0.3728825622775801 0.07863999999999999 0.23964412811387897
8 0.18941999999999998 0.2700355871886121 0.05357999999999998 0.20003558718861214
8 0.12778 0.5602846975088968 0.14583999999999997 0.8793950177935943
8 0.07465999999999999 0.5039501779359431 0.1463 0.9920996441281138
8 0.245 0.5818505338078291 0.174 0.8362989323843416
2 0.42254 0.5672241992882562 0.32869999999999994 0.8655516014234876
2 0.72342 0.5533807829181495 0.28602 0.8932384341637011
22 0.56574 0.5 0.84624 1