2 0.5444 0.286437125748503 0.06922000000000003 0.09095808383233532
2 0.22112 0.28508982035928143 0.12294000000000002 0.18649700598802393
2 0.41043999999999997 0.3138323353293413 0.07401999999999999 0.08464071856287428
2 0.85264 0.16464071856287424 0.13503999999999997 0.13071856287425146
5 0.66306 0.3055688622754491 0.075 0.055898203592814416
5 0.30319999999999997 0.3071856287425149 0.053399999999999975 0.07221556886227547
6 0.84364 0.2949101796407186 0.06053999999999996 0.08964071856287424
6 0.6716599999999999 0.39655688622754487 0.03422000000000003 0.06044910179640718
6 0.54062 0.3681736526946108 0.038019999999999984 0.03538922155688621
6 0.4026 0.3983233532934132 0.03963999999999999 0.042844311377245516
6 0.28096 0.4119760479041916 0.041039999999999965 0.052544910179640754
6 0.21425999999999998 0.4042215568862275 0.05174000000000001 0.05550898203592816
7 0.1231 0.6253293413173653 0.19828000000000004 0.5320658682634731
7 0.25751999999999997 0.6014371257485029 0.03888 0.33991017964071846
7 0.38977999999999996 0.5353892215568862 0.10063999999999998 0.2510778443113773
7 0.54604 0.5041317365269461 0.11153999999999996 0.23562874251497
7 0.7172799999999999 0.5681137724550899 0.10427999999999997 0.3119760479041916
7 0.89734 0.5687724550898203 0.18674000000000002 0.46476047904191603
8 0.8890399999999999 0.5493113772455089 0.22192000000000006 0.901377245508982
8 0.6789 0.6373652694610779 0.18283999999999992 0.7252694610778443
8 0.54628 0.5917365269461078 0.16461999999999996 0.7079940119760479
8 0.381 0.6332335329341318 0.146 0.7335329341317365
8 0.27258 0.6355988023952096 0.11608000000000002 0.7287724550898205
8 0.14565999999999998 0.5959880239520958 0.26456 0.8080239520958084