2 0.6992222222222222 0.2104333333333333 0.28179999999999994 0.2454
2 0.4760888888888889 0.3157666666666667 0.1442888888888889 0.16133333333333336
2 0.18942222222222221 0.36010000000000003 0.1277111111111111 0.11669999999999997
6 0.20402222222222222 0.4865 0.08202222222222222 0.06773333333333331
6 0.45797777777777776 0.4727333333333333 0.09168888888888888 0.07879999999999995
6 0.7053333333333333 0.5415 0.16768888888888897 0.14616666666666675
7 0.8244444444444444 0.8066666666666666 0.3511111111111111 0.38666666666666666
7 0.4590666666666667 0.7772 0.22019999999999995 0.4456
7 0.22286666666666669 0.6934666666666666 0.17353333333333334 0.33076666666666665
8 0.21222222222222223 0.6516666666666666 0.2822222222222222 0.6966666666666667
8 0.44222222222222224 0.6183333333333333 0.26222222222222225 0.7633333333333333
8 0.7820888888888888 0.5421 0.4358222222222222 0.9158000000000001