5 0.4765555555555555 0.028136094674556217 0.05553333333333335 0.0390828402366864
23 0.4598 0.2668639053254438 0.11942222222222225 0.2869230769230769
5 0.5645555555555556 0.1638757396449704 0.17975555555555553 0.1978106508875739
5 0.8286 0.1837869822485207 0.3428 0.343905325443787
5 0.6728888888888889 0.015266272189349114 0.041511111111111 0.030532544378698227
5 0.17604444444444445 0.18109467455621303 0.12106666666666664 0.09769230769230768
6 0.6600666666666666 0.053372781065088755 0.02242222222222229 0.02068047337278107
6 0.48573333333333335 0.06964497041420119 0.021222222222222246 0.023668639053254437
6 0.6024888888888889 0.3125443786982249 0.09111111111111111 0.10059171597633136
6 0.8459555555555556 0.5098520710059172 0.22059999999999996 0.14434911242603557
7 0.6747111111111112 0.1373076923076923 0.07191111111111115 0.12937869822485204
7 0.47604444444444444 0.16127218934911242 0.06651111111111113 0.13698224852071006
7 0.6138888888888889 0.5389940828402368 0.25331111111111115 0.4459171597633137
7 0.9148222222222222 0.7810650887573964 0.17033333333333328 0.4378698224852071
7 0.24215555555555554 0.5553846153846154 0.24311111111111117 0.4384319526627219
6 0.1972 0.30730769230769234 0.08862222222222221 0.05866863905325439
8 0.23666666666666666 0.5650887573964497 0.2911111111111111 0.8698224852071006
8 0.8308 0.507396449704142 0.3383777777777777 0.985207100591716
8 0.6747777777777777 0.12189349112426036 0.08011111111111101 0.24109467455621297
8 0.48184444444444446 0.21677514792899402 0.1124444444444445 0.42011834319526625
8 0.6485555555555556 0.5328698224852071 0.34064444444444436 0.9342603550295857