2 0.3443833333333333 0.222775 0.11409166666666665 0.10268750000000004
1 0.17215 0.7196750000000001 0.13629166666666667 0.10007499999999993
1 0.10404166666666666 0.7113124999999999 0.07387500000000001 0.07976249999999993
1 0.30693333333333334 0.8426 0.051091666666666716 0.07805000000000006
1 0.2843 0.8793500000000001 0.05820000000000003 0.08371250000000004
1 0.6698583333333333 0.7440125000000001 0.0888500000000001 0.1130250000000001
11 0.8871249999999999 0.573475 0.2257500000000001 0.429075
11 0.6190583333333334 0.5997 0.18248333333333336 0.3851124999999999
11 0.4011 0.5739624999999999 0.263225 0.44436249999999994
1 0.5430666666666666 0.6542 0.013824999999999931 0.04053750000000001
2 0.6021500000000001 0.27344999999999997 0.08676666666666677 0.09332499999999996
2 0.8656916666666666 0.19242499999999998 0.10193333333333338 0.10986249999999999
6 0.8662833333333333 0.3306 0.06740000000000008 0.054050000000000015
6 0.5985416666666666 0.3792375 0.04859999999999995 0.05132499999999993
6 0.3451916666666667 0.3514 0.06570833333333335 0.059950000000000045
8 0.37251666666666666 0.583925 0.29892500000000005 0.8321375000000001
8 0.639725 0.6107125 0.21904166666666677 0.778575
8 0.8704166666666666 0.5675 0.25916666666666666 0.865