1 0.335140625 0.5798125 0.09120312500000001 0.09018749999999992
1 0.3644453125 0.64046875 0.08991406249999997 0.09691666666666662
1 0.49456249999999996 0.5915208333333334 0.1261953125 0.18304166666666669
1 0.781359375 0.7854270833333333 0.048742187500000075 0.08473958333333324
6 0.9248593749999999 0.4771770833333333 0.07532812500000005 0.11755208333333336
6 0.3385078125 0.41596875 0.07188281249999999 0.06457291666666667
6 0.21754687499999997 0.37771875 0.08517187499999998 0.12696875
2 0.1765390625 0.17750000000000002 0.24534375000000003 0.25778124999999996
2 0.3498046875 0.29928125 0.12313281250000005 0.13328125000000002
2 0.9156015625 0.3173125 0.16878906250000014 0.2214270833333333
7 0.930578125 0.75 0.13884374999999985 0.5
7 0.32703906250000003 0.6481979166666666 0.19739062500000001 0.4526458333333333
7 0.13025 0.57834375 0.2308984375 0.4101458333333333
7 0.0605234375 0.7265625 0.121046875 0.546875
8 0.18359375 0.7265625 0.3671875 0.5447916666666667
8 0.2844296875 0.4760520833333333 0.5418671875000001 0.8653125
8 0.315625 0.6161458333333333 0.259375 0.7677083333333333
8 0.875890625 0.6015625 0.24821874999999993 0.796875