2 0.6962666666666667 0.2102 0.10356666666666664 0.10255000000000003
2 0.3778833333333333 0.093725 0.10966666666666669 0.10532500000000003
7 0.3490833333333333 0.3389 0.14491666666666664 0.24924999999999997
7 0.6922166666666666 0.451875 0.13116666666666674 0.25734999999999997
1 0.6272500000000001 0.505225 0.09171666666666663 0.08902500000000003
1 0.57355 0.60805 0.07956666666666669 0.09467499999999994
1 0.3609833333333333 0.541575 0.09728333333333335 0.10102499999999992
6 0.3863 0.214725 0.04554999999999997 0.036600000000000035
6 0.6751666666666667 0.31065000000000004 0.04706666666666668 0.04274999999999998
8 0.6597999999999999 0.531075 0.2592 0.747875
8 0.375 0.520525 0.28484999999999994 0.958925