4 0.67165625 0.4556269592476489 0.10635416666666657 0.11336990595611288
4 0.3465729166666666 0.2652664576802508 0.12747916666666667 0.1647962382445141
5 0.34819791666666666 0.09583072100313479 0.1399895833333333 0.1394200626959248
5 0.6141562500000001 0.17131661442006269 0.07698958333333342 0.0535423197492163
5 0.9487083333333334 0.0641692789968652 0.10258333333333335 0.08655172413793104
6 0.95590625 0.21166144200626957 0.06372916666666674 0.07152037617554859
6 0.5840208333333333 0.26004702194357365 0.03987499999999997 0.03943573667711603
6 0.5071249999999999 0.49630094043887146 0.06895833333333332 0.06956112852664575
5 0.4975520833333333 0.3063479623824451 0.16786458333333337 0.12506269592476493
5 0.6509791666666668 0.28156739811912224 0.11592708333333329 0.1242633228840125
7 0.4546145833333334 0.7542633228840125 0.26486458333333335 0.49147335423197486
7 0.2947604166666667 0.598025078369906 0.25069791666666663 0.7258150470219437
7 0.6716354166666666 0.7525235109717868 0.2243750000000001 0.4949529780564263
7 0.9220833333333334 0.4732758620689655 0.1558229166666666 0.4937460815047022
8 0.88446875 0.509576802507837 0.23105208333333327 0.980846394984326
8 0.6097812499999999 0.22465517241379312 0.09371875000000003 0.1636990595611285
8 0.694875 0.6088401253918495 0.33334375 0.7823040752351097
8 0.49322916666666666 0.600141065830721 0.3883749999999999 0.7997178683385581
8 0.26339583333333333 0.5121943573667711 0.3315 0.9756112852664578