8 0.13046000000000002 0.288125 0.03366000000000001 0.06950000000000003
8 0.23474 0.29118750000000004 0.036120000000000006 0.06740624999999997
6 0.24330000000000002 0.27999999999999997 0.013220000000000027 0.015187500000000043
6 0.13332 0.27868750000000003 0.019379999999999994 0.01662499999999998
5 0.12668000000000001 0.2568125 0.02174000000000001 0.012281250000000021
5 0.2419 0.263625 0.019120000000000005 0.013687499999999986
7 0.23824 0.30753125 0.025720000000000028 0.030843750000000014
7 0.12994 0.3031875 0.02825999999999999 0.031625000000000014
5 0.992 0.33125 0.016 0.01875
5 0.86118 0.33137500000000003 0.005400000000000091 0.004937500000000039
5 0.8442000000000001 0.331625 0.006180000000000064 0.007500000000000018
5 0.6659400000000001 0.34209375 0.010480000000000019 0.022625000000000027
5 0.6564800000000001 0.37959375 0.016339999999999917 0.019406250000000024
6 0.65818 0.35040625 0.010539999999999964 0.019500000000000028
6 0.66116 0.38965625 0.0066400000000001 0.0078125
7 0.993 0.3921875 0.014 0.078125
7 0.8613 0.3525625 0.011539999999999963 0.02790625000000002
7 0.84508 0.35175 0.011900000000000091 0.02518750000000001
7 0.6542 0.41096875 0.022279999999999973 0.037093750000000016
7 0.63388 0.353375 0.03931999999999994 0.05715624999999998
8 0.63832 0.40456250000000005 0.06392000000000007 0.16668749999999996
8 0.65604 0.4286875 0.033160000000000085 0.11965625000000002
8 0.8444400000000001 0.3473125 0.0165 0.03987499999999997
8 0.86082 0.3491875 0.014519999999999983 0.041593750000000006
8 0.99022 0.41937499999999994 0.019559999999999945 0.19431250000000003