7 0.13028 0.5406547619047619 0.11616000000000001 0.1954761904761905
7 0.28292 0.5324107142857143 0.11320000000000002 0.185952380952381
7 0.45966 0.5282440476190476 0.09491999999999996 0.17764880952380951
7 0.60912 0.513452380952381 0.1091400000000001 0.19354166666666675
7 0.90964 0.5079166666666667 0.15253999999999995 0.20702380952380953
5 0.978 0.3556547619047619 0.044 0.10416666666666667
5 0.45982 0.33247023809523807 0.06934000000000003 0.06973214285714288
6 0.13269999999999998 0.3670833333333333 0.04336000000000002 0.04092261904761905
6 0.46172 0.42163690476190474 0.04729999999999995 0.04497023809523813
6 0.65336 0.3985119047619048 0.032920000000000074 0.044226190476190516
8 0.8408 0.5267261904761904 0.31840000000000007 0.44419642857142855
8 0.6239600000000001 0.5859226190476191 0.16233999999999993 0.4995833333333334
8 0.42628 0.5579464285714286 0.27053999999999995 0.5311607142857142
8 0.24875999999999998 0.6603869047619048 0.219 0.5119642857142856
8 0.1061 0.5722619047619049 0.20895999999999998 0.47577380952380965