15 0.06796875 0.6027777777777777 0.1359375 0.23333333333333334
15 0.22949999999999998 0.10505555555555554 0.17024999999999996 0.21008333333333332
15 0.59646875 0.46013888888888893 0.5090937499999999 0.9202777777777779
11 0.6074375 0.5007222222222222 0.01917187499999997 0.033166666666666664
11 0.8130000000000001 0.45475000000000004 0.01843749999999993 0.03847222222222228
11 0.7141875 0.10855555555555554 0.017249999999999942 0.03655555555555555
7 0.7180156249999999 0.30697222222222226 0.018249999999999923 0.03455555555555555
2 0.718140625 0.2763333333333333 0.012875000000000015 0.022916666666666665
2 0.8179062500000001 0.41591666666666666 0.012171874999999943 0.019499999999999948
8 0.715234375 0.12786111111111112 0.029812500000000065 0.1250555555555556
8 0.718265625 0.31858333333333333 0.03504687499999992 0.11161111111111113
8 0.8136093750000001 0.4831388888888889 0.030624999999999947 0.15097222222222229
8 0.610375 0.49347222222222226 0.027859375000000065 0.054500000000000014