10 0.6775766016713092 0.5309782608695652 0.027158774373259052 0.09891304347826087
10 0.8342618384401114 0.4983695652173913 0.022284122562674095 0.07282608695652174
10 0.5421309192200557 0.38206521739130433 0.011142061281337047 0.03804347826086957
10 0.42879526462395545 0.3673913043478261 0.009401114206128134 0.034782608695652174
10 0.7703690807799443 0.39456521739130435 0.008704735376044569 0.03260869565217391
10 0.2876044568245125 0.34293478260869564 0.009749303621169917 0.03369565217391304
10 0.6875 0.39293478260869563 0.009401114206128134 0.03369565217391304
10 0.6814066852367688 0.37771739130434784 0.005571030640668524 0.025
10 0.6065459610027855 0.37228260869565216 0.006963788300835654 0.029347826086956522
10 0.48520194986072424 0.36195652173913045 0.007311977715877437 0.02608695652173913
10 0.8699512534818942 0.3809782608695652 0.005222841225626741 0.016304347826086956
10 0.3514972144846797 0.628804347826087 0.045612813370473536 0.16630434782608697
10 0.25557103064066855 0.3375 0.008356545961002786 0.029347826086956522
10 0.3904944289693593 0.3483695652173913 0.008008356545961003 0.03152173913043478
10 0.7103064066852368 0.3755434782608696 0.00766016713091922 0.02717391304347826
10 0.8420961002785515 0.37880434782608696 0.006615598885793872 0.02282608695652174
10 0.2442548746518106 0.3358695652173913 0.007311977715877437 0.02826086956521739
10 0.0988857938718663 0.3119565217391304 0.00766016713091922 0.01956521739130435
10 0.15981894150417827 0.3168478260869565 0.006963788300835654 0.01847826086956522
10 0.2157033426183844 0.32119565217391305 0.006615598885793872 0.01847826086956522
10 0.2661908077994429 0.3353260869565217 0.006615598885793872 0.020652173913043477
10 0.28064066852367686 0.32608695652173914 0.006963788300835654 0.017391304347826087
10 0.3293871866295265 0.3298913043478261 0.006267409470752089 0.016304347826086956
10 0.3410515320334262 0.35380434782608694 0.010793871866295265 0.03152173913043478
10 0.33756963788300837 0.34347826086956523 0.005222841225626741 0.021739130434782608
10 0.3347841225626741 0.3407608695652174 0.004526462395543176 0.01847826086956522
10 0.37430362116991645 0.3347826086956522 0.006267409470752089 0.015217391304347827
10 0.3985027855153203 0.3451086956521739 0.005919220055710306 0.020652173913043477
10 0.40633704735376047 0.3467391304347826 0.006267409470752089 0.01956521739130435
10 0.45891364902506965 0.35 0.006267409470752089 0.01956521739130435
10 0.47858635097493035 0.3532608695652174 0.005222841225626741 0.01956521739130435
10 0.533600278551532 0.35706521739130437 0.005222841225626741 0.020652173913043477
10 0.5781685236768802 0.36032608695652174 0.005919220055710306 0.016304347826086956
10 0.5875696378830083 0.3592391304347826 0.005919220055710306 0.016304347826086956
10 0.5710306406685237 0.34782608695652173 0.004178272980501393 0.013043478260869565
10 0.5980153203342619 0.35 0.004526462395543176 0.010869565217391304
10 0.6283077994428969 0.3635869565217391 0.004526462395543176 0.01847826086956522
10 0.6411908077994429 0.36195652173913045 0.005222841225626741 0.017391304347826087
10 0.6763579387186629 0.3625 0.004526462395543176 0.016304347826086956
10 0.6608635097493036 0.35380434782608694 0.004178272980501393 0.011956521739130435
10 0.6871518105849582 0.36630434782608695 0.005222841225626741 0.01956521739130435
10 0.7277158774373259 0.37228260869565216 0.006267409470752089 0.02282608695652174
10 0.7388579387186629 0.37119565217391304 0.006963788300835654 0.020652173913043477
10 0.6180362116991643 0.34945652173913044 0.004874651810584958 0.011956521739130435
10 0.754874651810585 0.3695652173913043 0.006963788300835654 0.02391304347826087
10 0.7602715877437326 0.3657608695652174 0.005222841225626741 0.01847826086956522
10 0.788474930362117 0.37282608695652175 0.005919220055710306 0.01956521739130435
10 0.8163300835654597 0.39293478260869563 0.008008356545961003 0.02717391304347826
10 0.9404596100278552 0.38804347826086955 0.006267409470752089 0.021739130434782608
10 0.8767409470752089 0.3798913043478261 0.004874651810584958 0.016304347826086956
10 0.8812674094707521 0.37717391304347825 0.004178272980501393 0.015217391304347827