10 0.799616991643454 0.3576086956521739 0.02054317548746518 0.0782608695652174
10 0.8920612813370473 0.22717391304347825 0.006267409470752089 0.02391304347826087
10 0.8487116991643454 0.2902173913043478 0.012186629526462395 0.04782608695652174
10 0.8831824512534819 0.2391304347826087 0.007311977715877437 0.030434782608695653
10 0.8704735376044568 0.25706521739130433 0.009052924791086351 0.035869565217391305
10 0.8997214484679665 0.21793478260869564 0.004874651810584958 0.020652173913043477
10 0.6462395543175488 0.575 0.04735376044568245 0.17173913043478262
10 0.9049442896935933 0.21141304347826087 0.003481894150417827 0.01847826086956522
10 0.9096448467966574 0.20597826086956522 0.0031337047353760445 0.016304347826086956
10 0.9129526462395543 0.20108695652173914 0.002785515320334262 0.015217391304347827
10 0.9153899721448467 0.19782608695652174 0.002785515320334262 0.013043478260869565
10 0.6002785515320335 0.24728260869565216 0.004874651810584958 0.02717391304347826
10 0.9174791086350975 0.19456521739130433 0.002785515320334262 0.013043478260869565
10 0.9192200557103064 0.1923913043478261 0.002785515320334262 0.010869565217391304
10 0.9206128133704735 0.1907608695652174 0.0020891364902506965 0.009782608695652175
10 0.8743036211699164 0.19021739130434784 0.0020891364902506965 0.010869565217391304
10 0.9218314763231198 0.18641304347826088 0.002437325905292479 0.016304347826086956
23 0.7633844011142061 0.7370326086956522 0.3699268802228413 0.220445652173913
11 0.7644324512534818 0.19625 0.0041121169916435935 0.007413043478260863
11 0.7141643454038997 0.20105434782608694 0.004052924791086386 0.007706521739130408
11 0.7063962395543175 0.19684782608695653 0.006417130919219999 0.01791304347826089
5 0.6165389972144847 0.18667391304347827 0.0037848189415041404 0.008445652173913024
5 0.6623676880222841 0.18805434782608696 0.003920612813370549 0.008086956521739129
5 0.7058635097493037 0.1835217391304348 0.0033635097493035703 0.006782608695652184
8 0.6167862116991644 0.19957608695652176 0.010247214484679608 0.04044565217391302
8 0.6616434540389973 0.19689130434782606 0.00844359331476323 0.02888043478260869
8 0.7053969359331477 0.19159782608695652 0.0074094707520892065 0.024500000000000022
8 0.7143384401114206 0.19917391304347828 0.005393454038997139 0.011706521739130416
8 0.7577715877437327 0.19522826086956524 0.006702646239554318 0.016217391304347843
8 0.7650278551532033 0.19330434782608696 0.004805013927576665 0.009271739130434753
7 0.6158983286908077 0.2068695652173913 0.007980501392757685 0.020880434782608672
7 0.661650417827298 0.20079347826086955 0.006963788300835654 0.01804347826086959