10 0.7172701949860725 0.4331521739130435 0.03203342618384401 0.11847826086956521
10 0.8826601671309192 0.2076086956521739 0.004874651810584958 0.02391304347826087
10 0.8901462395543176 0.19782608695652174 0.004526462395543176 0.021739130434782608
10 0.8953690807799443 0.19021739130434784 0.00383008356545961 0.017391304347826087
10 0.8995473537604457 0.18478260869565216 0.0031337047353760445 0.015217391304347827
10 0.9216573816155988 0.18206521739130435 0.003481894150417827 0.016304347826086956
10 0.9448119777158774 0.18097826086956523 0.0031337047353760445 0.016304347826086956
10 0.8504526462395543 0.23532608695652174 0.01288300835654596 0.0641304347826087
10 0.8567200557103064 0.22826086956521738 0.006615598885793872 0.058695652173913045
10 0.8563718662952646 0.24347826086956523 0.004526462395543176 0.0391304347826087
10 0.8203342618384402 0.2614130434782609 0.011838440111420613 0.04456521739130435
10 0.8436629526462396 0.23043478260869565 0.006267409470752089 0.03260869565217391
10 0.802924791086351 0.22391304347826088 0.006963788300835654 0.02826086956521739
10 0.7463440111420613 0.22119565217391304 0.005919220055710306 0.025
10 0.6801880222841226 0.2217391304347826 0.005222841225626741 0.02391304347826087
10 0.612291086350975 0.225 0.004526462395543176 0.021739130434782608
10 0.538474930362117 0.23369565217391305 0.005222841225626741 0.021739130434782608
10 0.46866295264623953 0.24293478260869567 0.004874651810584958 0.02282608695652174
10 0.4188718662952646 0.25271739130434784 0.004874651810584958 0.02282608695652174
10 0.41051532033426186 0.3027173913043478 0.011142061281337047 0.04456521739130435
10 0.3723885793871866 0.2657608695652174 0.006615598885793872 0.02717391304347826
10 0.3504526462395543 0.29347826086956524 0.009401114206128134 0.03695652173913044
10 0.3448816155988858 0.2793478260869565 0.005919220055710306 0.03260869565217391
10 0.5355153203342619 0.30217391304347824 0.012534818941504178 0.05217391304347826
10 0.6892409470752089 0.2858695652173913 0.01288300835654596 0.05
10 0.7893454038997214 0.32717391304347826 0.018105849582172703 0.07173913043478261
10 0.4832869080779944 0.35489130434782606 0.020891364902506964 0.075
10 0.2736768802228412 0.34347826086956523 0.016016713091922007 0.06086956521739131
10 0.21535515320334261 0.3190217391304348 0.010793871866295265 0.042391304347826085
10 0.2378133704735376 0.2951086956521739 0.00766016713091922 0.035869565217391305
10 0.2940459610027855 0.2717391304347826 0.006615598885793872 0.02826086956521739
10 0.36525069637883006 0.2543478260869565 0.005571030640668524 0.021739130434782608
10 0.43297353760445684 0.2407608695652174 0.004526462395543176 0.020652173913043477
10 0.5243732590529248 0.22771739130434782 0.004874651810584958 0.020652173913043477
10 0.6192548746518106 0.2190217391304348 0.005222841225626741 0.020652173913043477
10 0.7073467966573816 0.21358695652173912 0.005222841225626741 0.020652173913043477
10 0.7971796657381616 0.21141304347826087 0.005222841225626741 0.02282608695652174
10 0.8783077994428969 0.2125 0.006615598885793872 0.02717391304347826
10 0.3825800835654596 0.7798043478260869 0.03542827298050139 0.13207608695652173