10 0.01825 0.6653425925925927 0.0365 0.14364814814814825
10 0.35653124999999997 0.5142685185185185 0.0495208333333333 0.1044722222222222
10 0.48386979166666666 0.4765925925925926 0.033369791666666634 0.08096296296296301
10 0.6075364583333334 0.44795370370370374 0.02236458333333336 0.06072222222222226
10 0.69846875 0.4156111111111111 0.014640625000000067 0.04048148148148151
10 0.7158125 0.39725925925925926 0.013911458333333352 0.035259259259259296
10 0.739859375 0.38419444444444445 0.010968749999999972 0.031342592592592616
10 0.7611510416666667 0.37531481481481477 0.008765624999999963 0.022851851851851807
10 0.7483645833333333 0.36850925925925926 0.009223958333333353 0.022203703703703722
10 0.2891302083333333 0.4083703703703704 0.015755208333333333 0.035259259259259296
10 0.17350000000000002 0.4235555555555556 0.021994791666666676 0.04897222222222221
10 0.3351145833333333 0.3996574074074074 0.012937499999999958 0.03264814814814814
10 0.33080208333333333 0.38510185185185186 0.011604166666666653 0.03131481481481486
10 0.29060416666666666 0.3795925925925926 0.010375000000000039 0.02955555555555552
10 0.25163541666666667 0.3721759259259259 0.006395833333333319 0.020287037037037006
10 0.12421875 0.3906203703703704 0.016145833333333335 0.03308333333333335
10 0.09786458333333334 0.4003148148148148 0.012390625000000011 0.03396296296296292
10 0.09488541666666667 0.381712962962963 0.01164583333333334 0.02823148148148149
10 0.053703125 0.37875925925925924 0.01365104166666667 0.026027777777777792
10 0.22116666666666665 0.36415740740740743 0.007963541666666648 0.017203703703703742
10 0.20018750000000002 0.36208333333333337 0.008703125000000018 0.01675925925925928
10 0.190546875 0.3595277777777778 0.008171875000000028 0.017203703703703742
10 0.42698958333333337 0.35560185185185184 0.0050156250000000565 0.01675925925925928
10 0.38395833333333335 0.35379629629629633 0.005416666666666714 0.015000000000000043
10 0.4982916666666667 0.35833333333333334 0.007000000000000029 0.018527777777777768
10 0.57921875 0.361287037037037 0.009473958333333362 0.02073148148148147
10 0.64465625 0.36371296296296296 0.0059843749999998865 0.01632407407407407
10 0.6626718749999999 0.4284074074074074 0.014921875000000048 0.04940740740740742
10 0.6923645833333333 0.3649907407407407 0.0076458333333332485 0.02073148148148147
10 0.9921875 0.4671296296296296 0.015625 0.06944444444444445
10 0.95084375 0.42633333333333334 0.017307291666666676 0.04896296296296296
10 0.9449114583333333 0.40093518518518517 0.014828124999999895 0.037055555555555536
10 0.9309270833333334 0.3851851851851852 0.01185416666666678 0.02778703703703703
10 0.9297604166666668 0.37598148148148147 0.01160937499999998 0.026027777777777792
10 0.9177135416666666 0.37050925925925926 0.009380208333333447 0.022499999999999958
10 0.8790364583333333 0.36424074074074075 0.009114583333333334 0.02293518518518517
10 0.8257916666666667 0.35874074074074075 0.00886979166666677 0.02117592592592593
10 0.7596458333333334 0.3548611111111111 0.008874999999999982 0.01897222222222223
10 0.70590625 0.3569259259259259 0.007640625000000038 0.019407407407407443
10 0.6134687499999999 0.3548611111111111 0.007145833333333229 0.01897222222222223
10 0.5392604166666667 0.35397222222222224 0.006645833333333447 0.017203703703703742
10 0.48365625 0.35375 0.006895833333333338 0.01675925925925928
10 0.42103125 0.35030555555555554 0.006645833333333328 0.015435185185185147
10 0.37261979166666664 0.3504907407407407 0.005661458333333276 0.017648148148148097
10 0.026796875 0.3760648148148148 0.010880208333333334 0.022499999999999958
10 0.6523072916666667 0.41587037037037033 0.02024479166666661 0.07803703703703702
10 0.6673697916666667 0.4158148148148148 0.017031249999999904 0.07607407407407404
10 0.9622083333333333 0.427787037037037 0.0317135416666666 0.08705555555555554
23 0.5 0.7509259259259259 1 0.4981481481481482