10 0.10525000000000001 0.7375 0.055291666666666676 0.13425925925925927
10 0.044187500000000005 0.600925925925926 0.022755208333333332 0.07407407407407407
10 0.23753125 0.42962962962962964 0.018812500000000003 0.046296296296296294
10 0.3986458333333333 0.4269722222222222 0.02333333333333331 0.052083333333333336
10 0.34246875 0.36041666666666666 0.010979166666666628 0.03009259259259259
10 0.07413541666666666 0.49212962962962964 0.014937500000000003 0.041666666666666664
10 0.8033541666666667 0.49410185185185185 0.03692187499999993 0.07523148148148148
10 0.19511979166666665 0.4086944444444444 0.008984375 0.028499999999999973
10 0.27473437500000003 0.3705 0.010921875000000015 0.024333333333333308
10 0.33 0.34375925925925926 0.008958333333333356 0.020851851851851837
10 0.36658333333333337 0.3322962962962963 0.0081666666666667 0.02015740740740739
10 0.7317187500000001 0.3736296296296296 0.015520833333333428 0.03614814814814812
10 0.6819791666666667 0.33774074074074073 0.010838541666666639 0.02919444444444442
10 0.645203125 0.3197962962962963 0.008109375000000085 0.02293518518518517
10 0.40173958333333337 0.3199166666666667 0.006598958333333372 0.019462962962962946
10 0.4567447916666667 0.3108888888888889 0.006197916666666714 0.01807407407407406
10 0.5175416666666667 0.3070648148148148 0.00696354166666661 0.015990740740740726
10 0.5987239583333334 0.30834259259259256 0.005776041666666743 0.016685185185185167
10 0.49639062500000003 0.3545277777777778 0.013614583333333385 0.03684259259259256
10 0.5461875 0.32837037037037037 0.01008854166666661 0.027111111111111086
10 0.4950885416666667 0.32257407407407407 0.008921875000000056 0.02293518518518517
10 0.4281041666666667 0.3343888888888889 0.009328125000000043 0.024333333333333308
7 0.5646145833333333 0.2637037037037037 0.005536458333333391 0.016009259259259227
8 0.5651927083333333 0.26841666666666664 0.007500000000000047 0.03969444444444445
23 0.5486979166666667 0.7305555555555555 0.49114583333333334 0.5388888888888889