10 0.8394140625000001 0.49886111111111114 0.03039062500000007 0.09216666666666669
10 0.67759375 0.3412777777777778 0.020804687500000085 0.0547638888888889
10 0.2348125 0.5708749999999999 0.044632812499999994 0.13343055555555547
10 0.409109375 0.34370833333333334 0.024476562499999986 0.045763888888888875
10 0.44753906250000003 0.30315277777777777 0.010703125000000036 0.05075000000000003
23 0.5600234374999999 0.7440416666666667 0.6013671875 0.5119027777777777
10 0.5548203125 0.26863888888888887 0.008382812500000014 0.025361111111111098
10 0.3646875 0.27779166666666666 0.005335937500000032 0.023847222222222245
10 0.356296875 0.2779722222222222 0.008984375 0.011958333333333352
10 0.4199140625 0.258 0.006015625000000036 0.013694444444444464
10 0.4685859375 0.2503611111111111 0.0044062500000000785 0.014611111111111085
10 0.48285156249999994 0.26384722222222223 0.004281250000000014 0.018444444444444406
10 0.48978124999999995 0.26543055555555556 0.010335937500000014 0.01236111111111108
10 0.49548437500000003 0.2796666666666667 0.008718750000000063 0.019972222222222218
10 0.518578125 0.25340277777777775 0.004476562500000014 0.013222222222222198
10 0.52265625 0.2485138888888889 0.002429687499999922 0.009833333333333312
10 0.5763359375 0.2489722222222222 0.002820312499999922 0.009708333333333347
10 0.5873046875 0.2533472222222222 0.0037109375 0.01097222222222219
10 0.623828125 0.25487499999999996 0.003453125000000057 0.014013888888888854
10 0.6352265625 0.26968055555555553 0.00521875000000005 0.02012500000000001
10 0.7064375 0.2773611111111111 0.003999999999999915 0.016249999999999983
10 0.66684375 0.3050138888888889 0.008335937500000057 0.0277638888888889
10 0.749 0.30504166666666666 0.01040624999999995 0.031027777777777744
10 0.7851484375 0.2902777777777778 0.005765625000000085 0.02180555555555554
10 0.811546875 0.27845833333333336 0.003281249999999858 0.013097222222222232
10 0.8794453125 0.31369444444444444 0.005062500000000014 0.02162499999999999
10 0.8514609375 0.3328611111111111 0.010390625000000143 0.02897222222222224
10 0.9498671875 0.3634305555555556 0.01550781249999993 0.03455555555555555
10 0.9879843749999999 0.3522083333333333 0.010007812499999958 0.027069444444444417