10 0.019848958333333333 0.5406111111111112 0.039697916666666666 0.12565740740740744
10 0.18322916666666667 0.4633611111111111 0.03416145833333335 0.07672222222222223
10 0.22399479166666666 0.412962962962963 0.01778645833333332 0.046296296296296294
10 0.17802083333333335 0.3800277777777778 0.013333333333333345 0.0396851851851852
10 0.22563541666666667 0.3838611111111111 0.014812500000000029 0.03438888888888888
10 0.79996875 0.60225 0.06972916666666672 0.16931481481481472
10 0.6699270833333333 0.47182407407407406 0.03256249999999999 0.08994444444444444
10 0.5882395833333334 0.41229629629629627 0.024395833333333408 0.06349074074074068
10 0.5206875 0.38716666666666666 0.01845833333333336 0.05026851851851848
10 0.476796875 0.3734166666666667 0.014005208333333385 0.04497222222222227
10 0.41579166666666667 0.36283333333333334 0.016994791666666724 0.04232407407407411
10 0.3323177083333333 0.359787037037037 0.012552083333333287 0.03438888888888888
10 0.25307291666666665 0.36157407407407405 0.010317708333333305 0.032407407407407406
10 0.18016145833333336 0.36574074074074076 0.01136458333333336 0.037037037037037035
10 0.07470833333333333 0.38687962962962963 0.01296354166666666 0.047842592592592555
22 0.136734375 0.29757407407407405 0.08911458333333334 0.08403703703703704
22 0.260390625 0.2985 0.13668229166666665 0.09700925925925924
19 0.47361458333333334 0.2892037037037037 0.11729687500000002 0.09322222222222218
8 0.5508854166666667 0.8870370370370371 0.2926666666666667 0.22592592592592592
1 0.6497135416666667 0.8824074074074074 0.07782812499999991 0.2351851851851852
1 0.43521354166666665 0.9148148148148149 0.080078125 0.17037037037037037
23 0.5 0.7518518518518519 1 0.4962962962962963
5 0.12404166666666666 0.2615 0.009010416666666672 0.008750000000000042
6 0.12589583333333335 0.27225925925925926 0.0046979166666666575 0.00890740740740741
7 0.12680208333333334 0.2910462962962963 0.013442708333333334 0.030185185185185207
8 0.125796875 0.3123148148148148 0.01892708333333332 0.11038888888888891