10 0.0248203125 0.6836805555555555 0.049640625 0.18404166666666666
10 0.2811640625 0.3287777777777778 0.015453124999999979 0.038097222222222234
10 0.2205546875 0.42830555555555555 0.0317421875 0.07329166666666664
10 0.47097656250000003 0.32233333333333336 0.015382812500000042 0.03633333333333337
10 0.572359375 0.3815138888888889 0.024406250000000008 0.06026388888888887
10 0.7941328125 0.5650416666666667 0.06170312500000001 0.12731944444444437
10 0.28889062499999996 0.2997222222222222 0.010593749999999957 0.0216666666666667
23 0.4746328125 0.7688472222222222 0.7006875000000001 0.46230555555555547
10 0.7190000000000001 0.28620833333333334 0.01185937500000005 0.03248611111111109
10 0.57696875 0.26579166666666665 0.00610937499999995 0.0246388888888889
10 0.514515625 0.2575972222222222 0.006210937500000036 0.016930555555555553
10 0.48069531249999997 0.2532638888888889 0.003999999999999915 0.011736111111111095
10 0.42727343749999996 0.29566666666666663 0.010437499999999923 0.028819444444444446
10 0.41671874999999997 0.2775972222222222 0.004960937499999929 0.018736111111111124
10 0.43307812500000004 0.2687777777777778 0.005453125000000014 0.020194444444444473
10 0.403140625 0.2818333333333333 0.007085937499999995 0.021999999999999964
10 0.352015625 0.2645972222222222 0.004453125000000035 0.017041666666666642
10 0.34625 0.269625 0.004640625000000042 0.016680555555555542
10 0.31363281249999997 0.2761527777777778 0.004828124999999961 0.015847222222222256
10 0.1155234375 0.2805 0.00803124999999998 0.021069444444444467
10 0.04265625 0.2756527777777778 0.0087890625 0.020041666666666676
10 0.0384609375 0.28477777777777774 0.008210937500000005 0.0174722222222222
10 0.1355078125 0.27431944444444445 0.004054687499999998 0.013930555555555517
10 0.1792421875 0.26776388888888886 0.004609374999999982 0.016416666666666656
10 0.175875 0.2734722222222222 0.005695312500000016 0.013958333333333349
10 0.20521093750000002 0.2774861111111111 0.0057734374999999895 0.018527777777777744
10 0.25491406250000004 0.2729722222222222 0.005562500000000003 0.014708333333333299