10 0.9208645833333333 0.4920648148148148 0.0510989583333334 0.13227777777777774
10 0.49628645833333335 0.46799074074074076 0.04152604166666667 0.08598148148148149
10 0.2954947916666667 0.45542592592592596 0.03265104166666669 0.07936111111111115
10 0.132046875 0.45 0.029713541666666673 0.06481481481481481
10 0.03584895833333333 0.43730555555555556 0.023781249999999997 0.054231481481481526
10 0.03834375 0.4109537037037037 0.017312500000000005 0.047842592592592555
10 0.10595833333333333 0.3907407407407407 0.01295833333333333 0.046296296296296294
10 0.229203125 0.37006481481481485 0.014661458333333321 0.04012037037037041
10 0.34751041666666665 0.3611111111111111 0.013765625000000033 0.037037037037037035
10 0.4887239583333333 0.3529351851851852 0.012864583333333356 0.03549074074074078
10 0.5996510416666666 0.3441388888888889 0.012838541666666713 0.030861111111111148
10 0.7018072916666667 0.34228703703703706 0.011947916666666695 0.030861111111111148
10 0.7690729166666667 0.3359537037037037 0.011062499999999887 0.029324074074074037
10 0.797109375 0.3330277777777778 0.011927083333333382 0.030861111111111148
10 0.7797968750000001 0.32839814814814816 0.010635416666666704 0.030861111111111148
10 0.08408333333333333 0.37083333333333335 0.01296354166666666 0.032407407407407406
10 0.21341145833333333 0.3587962962962963 0.011197916666666667 0.032407407407407406
10 0.4629479166666667 0.34228703703703706 0.010270833333333347 0.030861111111111148
10 0.56753125 0.3376574074074074 0.011109374999999961 0.030861111111111148
10 0.6493854166666666 0.3367314814814815 0.01022395833333339 0.030861111111111148
17 0.9489427083333334 0.27988888888888885 0.1021093750000001 0.08137962962962962
23 0.5 0.7527777777777778 1 0.49444444444444446