0 0.48974609375 0.5501165501165501 0.2509765625 0.3076923076923077
24 0.270146484375 0.5656177156177157 0.49792968749999994 0.6151048951048951
2 0.49208984375 0.5770629370629371 0.0035351562500000044 0.004941724941724952
11 0.493212890625 0.5947086247086247 0.00578124999999996 0.020419580419580398
8 0.493359375 0.6020745920745921 0.009492187500000027 0.05613053613053616
20 0.49909179687499994 0.5948951048951049 0.03511718749999998 0.047622377622377636
13 0.54267578125 0.5706759906759906 0.036826171875000036 0.03881118881118876
13 0.5941015625 0.5946386946386947 0.04592773437499997 0.04827505827505823
13 0.6483203125 0.5862470862470862 0.02742187499999993 0.054778554778554776
13 0.668037109375 0.5898834498834499 0.034628906250000036 0.056247086247086235
13 0.695830078125 0.5863636363636364 0.03600585937499989 0.06666666666666672
13 0.72728515625 0.5901398601398601 0.046679687499999956 0.06487179487179484
13 0.777587890625 0.5793473193473193 0.03448242187499995 0.08990675990675989
13 0.79388671875 0.5915617715617715 0.03375976562499994 0.07487179487179482
13 0.81908203125 0.5951515151515151 0.028613281249999956 0.06675990675990673
19 0.8415234375 0.5991841491841492 0.051025390625 0.07016317016317021
21 0.891259765625 0.6117249417249417 0.0616308593749999 0.09410256410256411
19 0.926416015625 0.5914219114219115 0.028437499999999893 0.07214452214452212
19 0.954501953125 0.600932400932401 0.030898437500000098 0.07013986013986015
18 0.974658203125 0.6177855477855477 0.05068359375000009 0.11202797202797196