0 0.6625 0.6822916666666666 0.6 0.4270833333333333
1 0.166390625 0.56475 0.0109375 0.020895833333333277
1 0.12115625000000001 0.6202083333333334 0.014218749999999992 0.015687499999999945
11 0.138625 0.5599791666666667 0.03243749999999999 0.0723541666666667
5 0.136484375 0.49912500000000004 0.015874999999999993 0.014645833333333276
6 0.13753125 0.5196875 0.013765625000000004 0.009083333333333362
8 0.141328125 0.5937291666666666 0.063484375 0.20531249999999995
14 0.311265625 0.4380625 0.014968749999999975 0.03683333333333335
5 0.839703125 0.5520625 0.0305781249999999 0.023770833333333265
6 0.84096875 0.577375 0.016328125000000072 0.011875000000000096
7 0.856296875 0.6139375 0.039203124999999873 0.0805416666666666
1 0.8148593749999999 0.6514583333333334 0.018812499999999944 0.017208333333333315
8 0.8282812500000001 0.6341249999999999 0.09589062499999992 0.19087500000000002