0 0.72900390625 0.5395314787701317 0.3466796875 0.4407027818448023
0 0.18603515625 0.6852122986822841 0.1611328125 0.3806734992679356
18 0.69732421875 0.16389458272327964 0.084716796875 0.08767203513909223
20 0.55736328125 0.1982576866764275 0.0958105468749999 0.024612005856515375
9 0.23697265625 0.19060029282576868 0.06928710937499999 0.02543191800878478
9 0.102841796875 0.1862371888726208 0.072509765625 0.025490483162518295
20 0.289794921875 0.5384040995607614 0.037236328124999996 0.04606149341142026
21 0.441748046875 0.4709224011713031 0.03450195312500004 0.05001464128843334
21 0.320673828125 0.5128404099560762 0.10974609375 0.060805270863835977
20 0.290556640625 0.615900439238653 0.06805664062500005 0.06489019033674971
2 0.25892578125 0.5931771595900439 0.00773437499999996 0.007730600292825729
11 0.259091796875 0.6074524158125915 0.008066406249999991 0.015783308931185906
8 0.258828125 0.6033089311859444 0.009482421875000036 0.029458272327964868
2 0.615263671875 0.7018301610541728 0.009472656250000044 0.008345534407027885
11 0.621826171875 0.7297071742313324 0.014775390625000107 0.03481698389458268
1 0.60728515625 0.7434114202049781 0.00423828124999992 0.00951683748169839
8 0.616123046875 0.7487994143484626 0.025820312500000053 0.10228404099560763
2 0.407041015625 0.6468814055636896 0.007470703124999978 0.0067935578330892915
7 0.4116015625 0.6668521229868228 0.010341796875000031 0.027701317715958945
8 0.41171875 0.6827525622254759 0.014492187500000031 0.08146412884333819
8 0.3982421875 0.6816105417276721 0.014863281250000027 0.0835724743777453
8 0.46556640625 0.7828257686676426 0.025507812500000004 0.10445095168374813
8 0.4369921875 0.7882723279648609 0.028906250000000022 0.10509516837481694
8 0.41796875 0.7863396778916545 0.019179687499999987 0.11001464128843344
8 0.400322265625 0.7828550512445096 0.02587890625 0.10890190336749642
8 0.412470703125 0.7229721815519766 0.011113281249999996 0.015490483162518361
8 0.39064453125 0.7120497803806735 0.015312499999999951 0.03317715959004388
2 0.390234375 0.7020937042459736 0.012539062500000031 0.013250366032210768
11 0.39244140625 0.7188433382137629 0.010117187500000013 0.014553440702781925
2 0.375849609375 0.6997950219619327 0.009160156249999996 0.010131771595900379
11 0.375400390625 0.7272327964860907 0.015087890625000044 0.04156661786237187
8 0.374677734375 0.722913616398243 0.015595703125000027 0.06077598828696924
2 0.386220703125 0.7277159590043923 0.011337890625000013 0.013265007320644137
11 0.3813671875 0.754597364568082 0.01530273437499996 0.03480234260614931
8 0.380361328125 0.7799267935578331 0.021240234375 0.1176866764275257
11 0.401884765625 0.7609077598828697 0.025087890625000053 0.04013177159590048
11 0.418818359375 0.762532942898975 0.018925781249999996 0.041918008784773135
11 0.436787109375 0.7696778916544657 0.02946289062499996 0.04155197657393858
11 0.46548828125 0.7662225475841875 0.027294921875000044 0.037554904831625234
2 0.462451171875 0.7363689604685212 0.010478515625000018 0.013001464128843331
2 0.43962890625 0.7414641288433382 0.010722656250000018 0.011478770131771643
2 0.414599609375 0.7311566617862372 0.008535156250000009 0.00991215226939968
2 0.398740234375 0.7335578330893119 0.010009765625 0.011771595900439186
2 0.39689453125 0.6449048316251831 0.009248046875000027 0.00869692532942907
2 0.3673828125 0.6505417276720351 0.010771484374999973 0.00972181551976572
2 0.3591015625 0.6436310395314788 0.008857421875000049 0.010541727672035206
2 0.329248046875 0.6919619326500732 0.00871093749999996 0.010571010248901943
2 0.358046875 0.6966325036603221 0.011132812499999978 0.01191800878477304
2 0.34408203125 0.7287408491947291 0.011044921874999947 0.013850658857979556
2 0.33298828125 0.7353001464128843 0.010341796875000031 0.0123279648609077
2 0.28875 0.7128550512445095 0.011699218750000018 0.01282576866764274
2 0.25275390625 0.7546852122986824 0.008085937499999973 0.01594436310395321
10 0.3034375 0.696896046852123 0.008857421875000049 0.027745241581259218
8 0.166689453125 0.8379648609077599 0.021503906249999982 0.02879941434846277
11 0.257783203125 0.7833089311859444 0.01911132812500002 0.03953147877013177
8 0.268466796875 0.7963689604685211 0.04145507812500002 0.10370424597364565
8 0.289541015625 0.7594729136163982 0.023066406250000004 0.1075256222547585
8 0.321728515625 0.7192093704245974 0.025917968749999964 0.06799414348462672
8 0.353017578125 0.778814055636896 0.026962890625000013 0.11399707174231326
8 0.334111328125 0.7814787701317716 0.026259765624999987 0.11932650073206442
8 0.35599609375 0.7210688140556369 0.017304687500000027 0.060000000000000026
8 0.368544921875 0.6685212298682285 0.013095703124999969 0.05007320644216698
8 0.357919921875 0.6640849194729136 0.012363281249999969 0.05437774524158124
11 0.286640625 0.7428989751098096 0.01823242187499996 0.04216691068814049
11 0.325927734375 0.71402635431918 0.01505859374999996 0.02565153733528548
11 0.33580078125 0.7611420204978038 0.021591796875000013 0.03915080527086385
1 0.32578125 0.7826500732064421 0.005263671874999987 0.010951683748169865
11 0.352119140625 0.7608784773060029 0.02098632812500001 0.04338213762811135
11 0.356259765625 0.7223865300146413 0.01659179687500001 0.03919472913616395
11 0.368984375 0.6733967789165447 0.011435546875000036 0.031449487554904856
11 0.35845703125 0.6683748169838946 0.012021484374999947 0.027745241581259218
11 0.398359375 0.6677452415812591 0.017382812499999956 0.02964860907759883
10 0.403369140625 0.5283308931185945 0.005390624999999982 0.024187408491947265
10 0.412080078125 0.5223718887262079 0.005810546875000044 0.01793557833089312
10 0.406923828125 0.5145095168374817 0.004853515625000027 0.027686676427525574