0 0.35125 0.6566666666666666 0.0325 0.06
0 0.19963750000000002 0.8664999999999999 0.08481249999999997 0.06966666666666659
10 0.0989 0.7588166666666667 0.005 0.01876666666666665
10 0.11118750000000001 0.7569666666666667 0.0045625000000000075 0.018383333333333286
10 0.1687125 0.7721 0.005450000000000017 0.016416666666666704
10 0.2956375 0.7144166666666666 0.005125000000000029 0.014399999999999977
10 0.2854625 0.7902166666666667 0.00478749999999998 0.020433333333333317
10 0.2654375 0.8098833333333334 0.005562499999999986 0.025299999999999916
10 0.2727625 0.7345166666666666 0.004387499999999989 0.014599999999999985
8 0.9065000000000001 0.7063333333333334 0.006850000000000023 0.017116666666666638
2 0.747875 0.7451166666666666 0.003474999999999966 0.003100000000000023
11 0.7483 0.75325 0.004337500000000034 0.008849999999999908
8 0.7478 0.75705 0.00553750000000008 0.026983333333333425
2 0.6835875 0.8357666666666667 0.0043000000000000685 0.004866666666666598
8 0.6823250000000001 0.8507666666666667 0.00791249999999991 0.0348666666666666
10 0.0960625 0.7363 0.007749999999999986 0.022900000000000014
11 0.2126125 0.7946166666666666 0.005775000000000006 0.009683333333333242
11 0.23342500000000002 0.7873833333333333 0.006162500000000008 0.012216666666666735
11 0.249025 0.7810666666666667 0.004912500000000009 0.01009999999999991
11 0.2549625 0.7817500000000001 0.0058250000000000315 0.013216666666666583
2 0.21275 0.7834 0.004287500000000008 0.004216666666666621
2 0.23416250000000002 0.7767333333333334 0.004125000000000014 0.004333333333333371
8 0.21286249999999998 0.7991833333333334 0.01240000000000002 0.03521666666666666
8 0.2336875 0.7910333333333334 0.0075500000000000254 0.03234999999999995
8 0.24822500000000003 0.7864333333333333 0.008125 0.031333333333333255
8 0.254775 0.7877333333333333 0.007650000000000006 0.03278333333333327
11 0.439475 0.9555333333333335 0.010362499999999955 0.02568333333333347
8 0.43799999999999994 0.9640166666666666 0.0196875 0.04908333333333341
2 0.5535 0.8836333333333333 0.0064000000000000055 0.0058499999999999846
2 0.5273 0.88795 0.004437499999999943 0.004550000000000031
11 0.526775 0.8988833333333334 0.00644999999999996 0.010633333333333515
11 0.55345 0.8955833333333334 0.008062500000000057 0.012216666666666546
8 0.55315 0.89105 0.009212500000000005 0.021866666666666486
8 0.5271625 0.8962333333333333 0.008562500000000028 0.020549999999999877
8 0.3328875 0.7426333333333333 0.008149999999999977 0.02444999999999993
2 0.3945625 0.7060833333333333 0.0034499999999999887 0.0028166666666667576
8 0.39445 0.7134 0.008037499999999937 0.018033333333333415
10 0.3038 0.725 0.005687500000000015 0.011983333333333424
10 0.261125 0.7203 0.00322499999999998 0.015466666666666622
11 0.3049 0.6900666666666667 0.005249999999999986 0.00761666666666675
8 0.3044 0.6935833333333333 0.0073375000000000055 0.019316666666666718
13 0.79495 0.6308833333333332 0.012987500000000126 0.012650000000000054
11 0.6487625 0.74975 0.007012499999999875 0.010600000000000023
8 0.6480625000000001 0.7573166666666666 0.010862500000000068 0.03568333333333328
11 0.588475 0.76835 0.0057375000000000394 0.010966666666666736
8 0.588025 0.7732333333333333 0.008349999999999937 0.027166666666666592
3 0.7429250000000001 0.8409666666666665 0.020349999999999965 0.03865
24 0.2840875 0.6752333333333334 0.018887500000000015 0.03526666666666661
20 0.306175 0.6516833333333333 0.02272500000000001 0.019133333333333363
20 0.326725 0.6692 0.02564999999999998 0.022016666666666726
11 0.5181 0.7697833333333334 0.003962499999999949 0.008100000000000022
8 0.5175 0.77115 0.00605000000000004 0.01839999999999994