0 0.296875 0.4025157232704403 0.540625 0.6750524109014675
10 0.169734375 0.6762893081761006 0.0609375 0.14710691823899363
10 0.2899375 0.7018658280922432 0.07631250000000005 0.18777777777777788
10 0.5505625000000001 0.7250733752620545 0.09756250000000008 0.23423480083857445
2 0.899609375 0.3227044025157233 0.05032812500000006 0.04909853249475894
2 0.780171875 0.3683228511530398 0.03365624999999994 0.0285115303983229
2 0.655046875 0.39373165618448636 0.03687500000000003 0.03974842767295593
5 0.30634375 0.3111740041928721 0.026968749999999986 0.019056603773584854
5 0.10889062499999999 0.49834381551362683 0.015765625000000005 0.013689727463312313
5 0.05240625 0.5028511530398323 0.017375 0.01570230607966459
5 0.020171875 0.5022851153039832 0.0119375 0.009937106918239012
7 0.023046875 0.5341509433962264 0.024640624999999996 0.04568134171907761
7 0.10493749999999999 0.5318658280922431 0.011328125 0.029496855345911996
8 0.022359375 0.5510482180293501 0.0319375 0.10744234800838574
8 0.052734375 0.5082180293501048 0.01803124999999999 0.028763102725366932
8 0.10990625000000001 0.5210691823899372 0.01953125 0.05914046121593293
11 0.302453125 0.3714255765199161 0.05739062500000003 0.0743186582809224
11 0.9116093749999999 0.4554507337526205 0.07953125000000014 0.15387840670859534
11 0.79121875 0.470041928721174 0.06095312499999998 0.12014675052410902
11 0.6444062500000001 0.4888050314465408 0.07290624999999995 0.13203354297693917
6 0.6535 0.4236058700209644 0.016437499999999973 0.022620545073375305
6 0.78415625 0.3983018867924529 0.02251562499999995 0.020209643605869992
6 0.884828125 0.35991614255765203 0.01726562499999993 0.023333333333333324
6 0.309078125 0.3388888888888889 0.018562499999999992 0.018553459119496903
8 0.30146875 0.35429769392033544 0.08493750000000003 0.10293501048218034
8 0.651484375 0.54937106918239 0.08878125000000008 0.3533542976939204
8 0.7875156249999999 0.5234171907756813 0.11257812499999993 0.3410482180293501
8 0.899375 0.5334381551362684 0.14185937499999995 0.4798951781970649
1 0.957234375 0.5252830188679245 0.01971874999999983 0.025660377358490586