0 0.5557647058823529 0.45757812500000006 0.5811764705882353 0.309375
2 0.45943529411764705 0.705671875 0.0693411764705883 0.029140624999999965
2 0.5106588235294117 0.688421875 0.04508235294117653 0.024687499999999928
6 0.5142352941176471 0.71040625 0.032329411764705905 0.009750000000000014
6 0.4766823529411765 0.72834375 0.022399999999999958 0.011984374999999936
11 0.5187764705882353 0.7616406250000001 0.07581176470588229 0.07857812500000003
11 0.4403764705882353 0.7818125 0.10545882352941174 0.10207812499999998
1 0.4875294117647059 0.827796875 0.0332470588235294 0.031796874999999857
8 0.46329411764705886 0.8141718750000001 0.14945882352941173 0.24612499999999998
8 0.5502117647058824 0.79065625 0.15858823529411772 0.23276562500000003
2 0.4592941176470588 0.5638124999999999 0.007835294117647022 0.0035781249999999433
11 0.45915294117647054 0.572640625 0.01392941176470592 0.011296875000000029
8 0.45731764705882355 0.576 0.01884705882352939 0.029359374999999945
2 0.46329411764705886 0.58815625 0.008682352941176466 0.0034843750000000282
11 0.45948235294117645 0.5977812499999999 0.01458823529411762 0.012796875000000086
8 0.46150588235294115 0.601046875 0.019364705882352985 0.03021875000000005