0 0.329525 0.38053333333333333 0.3090375 0.3544
10 0.8864 0.50755 0.026924999999999956 0.05883333333333326
10 0.7339749999999999 0.5622666666666667 0.036125000000000115 0.09955000000000003
10 0.7256125 0.5008666666666667 0.019412499999999965 0.05799999999999993
10 0.6209749999999999 0.4933 0.022625000000000027 0.06160000000000006
10 0.5390999999999999 0.49165000000000003 0.022950000000000016 0.05623333333333335
7 0.6923625 0.51495 0.03102499999999992 0.050716666666666584
5 0.6881125 0.4696666666666667 0.016274999999999977 0.02058333333333337
8 0.6868875 0.5147333333333333 0.05912499999999994 0.11696666666666658
10 0.26966249999999997 0.6826 0.07 0.18813333333333332
10 0.2187125 0.6609 0.057162500000000026 0.16970000000000007
10 0.18053750000000002 0.6259666666666667 0.05579999999999998 0.14153333333333326
10 0.1764 0.5798333333333333 0.052237500000000006 0.1305166666666666
10 0.189375 0.4933666666666666 0.025050000000000027 0.06171666666666662
10 0.160025 0.4998666666666667 0.02414999999999999 0.06431666666666672
10 0.1250625 0.5073 0.013612500000000019 0.05625
10 0.1302125 0.5808333333333333 0.039525000000000005 0.10959999999999999
10 0.1135125 0.5512666666666667 0.023324999999999995 0.09834999999999998
10 0.09210000000000002 0.53315 0.02893750000000001 0.0912833333333333
17 0.0169125 0.4287 0.0338125 0.03450000000000003
9 0.024300000000000002 0.3627833333333333 0.046337500000000004 0.026850000000000023
17 0.0930625 0.3732333333333333 0.050199999999999995 0.018283333333333377
17 0.1285875 0.4225333333333333 0.014512500000000017 0.023283333333333333
17 0.1968375 0.4275666666666667 0.03755000000000003 0.03333333333333333
20 0.1510125 0.4206166666666667 0.03147500000000001 0.03481666666666664
20 0.2649125 0.4404166666666667 0.044862499999999986 0.050049999999999956
20 0.28328749999999997 0.4400333333333333 0.06526249999999997 0.06341666666666664
3 0.41465 0.5448333333333333 0.053375000000000054 0.14299999999999993