0 0.6796875 0.48333333333333334 0.6375 0.6541666666666667
13 0.065546875 0.5811875000000001 0.12751562499999997 0.4158333333333334
5 0.391203125 0.15427083333333333 0.023625000000000007 0.020333333333333314
5 0.3465 0.3139791666666667 0.03579687500000004 0.05852083333333328
5 0.5555 0.37583333333333335 0.034531250000000034 0.022500000000000023
5 0.6226406250000001 0.6216458333333333 0.05162499999999994 0.0314791666666667
6 0.551453125 0.40114583333333337 0.01860937499999995 0.01410416666666663
6 0.619328125 0.6681666666666667 0.014046875000000014 0.016895833333333363
7 0.65759375 0.7072916666666667 0.06107812500000005 0.09512499999999993
7 0.563734375 0.46060416666666665 0.03829687499999999 0.09020833333333336
7 0.38578125 0.22774999999999998 0.04349999999999996 0.10364583333333334
7 0.33103125 0.3828958333333333 0.06593749999999998 0.15237499999999998
8 0.320171875 0.46849999999999997 0.158796875 0.3698541666666666
8 0.392953125 0.2849791666666667 0.07867187500000003 0.2829375
8 0.5503750000000001 0.511875 0.12267187499999999 0.29920833333333335
8 0.621 0.7317916666666666 0.15629687499999995 0.2529166666666666