0 0.8415394242803504 0.19793621013133209 0.25406758448060074 0.2945590994371482
0 0.23160200250312893 0.4570168855534709 0.15755944931163954 0.16692307692307687
0 0.7690863579474343 0.4709193245778612 0.34918648310387984 0.3227016885553471
0 0.4336670838548185 0.5206378986866792 0.2715894868585732 0.19324577861163228
0 0.520575719649562 0.30626641651031894 0.06949937421777218 0.23450281425891184
11 0.4862202753441802 0.4580675422138837 0.01108886107634545 0.02227016885553472
8 0.4846558197747184 0.4572232645403377 0.014217772215269103 0.027298311444652928
2 0.48093867334167706 0.44840525328330205 0.004993742177722164 0.008292682926829298
2 0.5846808510638298 0.6301313320825516 0.010438047559449352 0.012607879924953148
6 0.585982478097622 0.6406378986866791 0.0061827284105132095 0.0074484052532833534
11 0.5907634543178973 0.6491369606003753 0.01903629536921156 0.022476547842401533
8 0.5907634543178973 0.641125703564728 0.02082603254067583 0.034577861163226926
11 0.8264080100125156 0.5165666041275797 0.01384230287859818 0.018649155722326557
2 0.8228785982478097 0.5013320825515947 0.007672090112640938 0.006941838649155808
8 0.820938673341677 0.5239399624765478 0.024342928660826088 0.05484052532833024
2 0.7153566958698374 0.11125703564727954 0.005394242803504312 0.006754221388367719
11 0.7210888610763454 0.12043151969981238 0.008798498122653282 0.015722326454033764
11 0.8837797246558198 0.23649155722326454 0.01683354192740932 0.022701688555347082
2 0.88180225281602 0.21681050656660414 0.009299123904881182 0.010131332082551606
8 0.883078848560701 0.23317073170731709 0.018097622027534465 0.04555347091932461
8 0.7191239048811015 0.11833020637898685 0.012027534418022403 0.02356472795497185
9 0.7529411764705882 0.7006191369606004 0.16994993742177716 0.15360225140712946
9 0.6458322903629536 0.7022701688555347 0.07643304130162702 0.12206378986866803
17 0.5822653316645807 0.7350281425891182 0.15937421777221525 0.15407129455909946
9 0.5140801001251565 0.662251407129456 0.08290362953692117 0.03932457786116329
17 0.4623153942428035 0.7282926829268292 0.13490613266583223 0.15264540337711072
17 0.35643304130162706 0.7361350844277674 0.1207259073842303 0.11876172607879916
22 0.2901001251564455 0.6895121951219512 0.15613266583229032 0.15549718574108817
17 0.17224030037546934 0.7564727954971857 0.1295869837296621 0.12324577861163216
13 0.12390488110137672 0.6923076923076923 0.24780976220275344 0.1651031894934334
13 0.5546057571964956 0.605515947467167 0.24798498122653323 0.11080675422138826
2 0.38355444305381725 0.4194559099437148 0.005607008760951212 0.007016885553470936
2 0.39285356695869833 0.41846153846153844 0.005782227784730919 0.005741088180112574
2 0.3762828535669587 0.41757973733583487 0.0066583229036295995 0.006097560975609756
2 0.3609261576971214 0.4327392120075047 0.006170212765957384 0.0073921200750469
11 0.36143929912390493 0.44257035647279547 0.011439299123904864 0.010787992495309569
11 0.3754443053817272 0.43247654784240147 0.011113892365456816 0.018911819887429612
11 0.38312891113892367 0.42855534709193244 0.0038047559449311185 0.008236397748592845
11 0.39285356695869833 0.4272420262664165 0.008610763454317891 0.009136960600375244
8 0.3923153942428035 0.4241463414634146 0.00988735919899872 0.017110694183864922
8 0.38342928660826037 0.4243151969981238 0.006295369211514358 0.017467166979362105
8 0.374793491864831 0.42874296435272047 0.011214017521902424 0.0291181988742964
8 0.36141426783479347 0.4393808630393996 0.011864831038798521 0.02208255159474668