0 0.875625 0.4335548172757475 0.09625 0.15282392026578073
0 0.79515 0.5990531561461794 0.1925 0.18106312292358803
10 0.533225 0.7440697674418605 0.015962499999999977 0.06568106312292353
16 0.02625 0.4459302325581395 0.04018750000000001 0.06392026578073093
10 0.788575 0.46461794019933556 0.004850000000000136 0.018687707641196014
11 0.731275 0.4886212624584717 0.007112500000000068 0.02112956810631234
2 0.7333 0.47340531561461796 0.0047499999999999435 0.006146179401993431
8 0.7330249999999999 0.49275747508305645 0.010600000000000023 0.04486710963455148
2 0.41493749999999996 0.43825581395348834 0.005712500000000062 0.004933554817275793
2 0.4089125 0.4425747508305648 0.005400000000000063 0.007458471760797357
11 0.4154625 0.45074750830564786 0.00625 0.012292358803986674
11 0.408275 0.45621262458471756 0.008187499999999943 0.019136212624584686
8 0.407725 0.45714285714285713 0.00863749999999996 0.037292358803986785
8 0.4174 0.4571760797342193 0.01113749999999996 0.04345514950166108