0 0.41304347826086957 0.310641627543036 0.8130434782608695 0.48043818466353677
11 0.3877608695652174 0.32446009389671365 0.2761739130434783 0.318528951486698
11 0.41389130434782606 0.36323943661971836 0.29943478260869566 0.2152425665101721
6 0.3441086956521739 0.13588419405320815 0.08258695652173915 0.04222222222222221
5 0.36643478260869566 0.07863849765258216 0.1175869565217392 0.04946791862284821
1 0.43393478260869567 0.47874804381846636 0.08830434782608697 0.0707042253521126
1 0.5786521739130435 0.5004381846635367 0.05891304347826092 0.0410328638497653
1 0.22584782608695653 0.47028169014084503 0.0623695652173913 0.057480438184663564
11 0.47897826086956524 0.22475743348982785 0.11076086956521737 0.10660406885759
5 0.46780434782608693 0.14929577464788732 0.04976086956521736 0.020391236306729267
8 0.4940869565217391 0.20892018779342722 0.1313260869565218 0.15006259780907666
8 0.5589565217391305 0.39704225352112676 0.09680434782608689 0.24460093896713617
8 0.3605217391304348 0.44151799687010956 0.3376304347826087 0.7821909233176838