0 0.71625 0.6092293233082707 0.41 0.5075187969924813
13 0.3897625 0.24387218045112782 0.12868750000000007 0.13229323308270677
11 0.7878875 0.7147744360902255 0.018125 0.024906015037593984
5 0.7862625 0.6886278195488722 0.009612500000000069 0.008496240601503726
5 0.7014625 0.8412406015037595 0.011599999999999966 0.009548872180451204
5 0.6324625 0.8101691729323308 0.011099999999999994 0.014041353383458698
6 0.634375 0.823796992481203 0.008100000000000022 0.005413533834586458
6 0.7023125 0.8581578947368421 0.007599999999999909 0.007518796992481203
8 0.7784375 0.7175375939849624 0.034875000000000114 0.06629699248120298
1 0.62315 0.8828759398496241 0.010649999999999977 0.01422932330827077
8 0.7092624999999999 0.9127255639097744 0.04197499999999991 0.1525
11 0.6363 0.8548684210526316 0.024462500000000064 0.05562030075187976
11 0.7131375 0.8859022556390977 0.028125 0.06298872180451126
11 0.8295375 0.8990037593984962 0.027975000000000135 0.05501879699248117
2 0.8387125000000001 0.8621804511278196 0.011100000000000136 0.01214285714285721
8 0.8293375000000001 0.9181954887218046 0.033262499999999875 0.12759398496240612
8 0.6321625000000001 0.8762781954887218 0.032425000000000065 0.1479887218045113