0 0.2883625 0.4502636534839925 0.576725 0.6853860640301318
13 0.950775 0.3986629001883239 0.09844999999999998 0.7493785310734462
2 0.886175 0.5190583804143126 0.03971249999999998 0.034858757062146875
2 0.22547499999999998 0.5508662900188324 0.02738750000000003 0.026591337099811686
2 0.4961875 0.5447269303201506 0.03927499999999995 0.03826741996233531
2 0.5346 0.5366478342749529 0.027450000000000044 0.032372881355932304
2 0.57015 0.5082674199623352 0.03947500000000005 0.04067796610169496
2 0.6707375 0.5340489642184557 0.024724999999999966 0.030621468926553656
2 0.6891875000000001 0.4994915254237288 0.027549999999999953 0.031412429378530976
2 0.734525 0.5680790960451977 0.0295750000000001 0.023333333333333307
6 0.8955375 0.555894538606403 0.017524999999999978 0.019529190207156318
6 0.582175 0.5422975517890771 0.011237500000000011 0.01286252354048972
6 0.5301125 0.5666666666666667 0.016225000000000024 0.01709981167608294
6 0.5036625 0.5845574387947269 0.017862499999999955 0.018644067796610125
4 0.228225 0.5802636534839924 0.019249999999999972 0.01689265536723169
11 0.223275 0.6438983050847458 0.04798749999999998 0.1030696798493409
11 0.47026249999999997 0.6419585687382298 0.062424999999999925 0.13683615819209033
11 0.5271875 0.6211111111111112 0.04217500000000001 0.10883239171374758
11 0.572325 0.6101318267419963 0.059724999999999966 0.11770244821092278
11 0.653625 0.6617325800376648 0.026875 0.07369114877589453
11 0.685875 0.6128625235404896 0.05273750000000007 0.14028248587570624
11 0.73765 0.6522975517890772 0.0358250000000001 0.13011299435028253
11 0.8766625 0.6266101694915255 0.05702499999999986 0.14041431261770235
1 0.518525 0.6991902071563089 0.018024999999999947 0.021920903954802236
1 0.4621375 0.7129566854990583 0.02569999999999993 0.02887005649717522
8 0.8703 0.6845951035781543 0.07384999999999992 0.372768361581921
8 0.736 0.6881167608286252 0.04389999999999986 0.2702448210922787
8 0.6928624999999999 0.6776271186440678 0.07806250000000006 0.3930885122410546
8 0.660475 0.6816572504708097 0.056487500000000065 0.32581920903954803
8 0.5752875000000001 0.6790207156308852 0.07018749999999997 0.3855932203389831
8 0.525775 0.6922598870056497 0.04390000000000001 0.35047080979284373
8 0.4774625 0.7079661016949153 0.08136250000000005 0.3647269303201506
8 0.2347875 0.6817702448210923 0.08009999999999998 0.29521657250470806