0 0.271875 0.30833333333333335 0.19375 0.15
17 0.44506249999999997 0.3614583333333333 0.06157812499999995 0.026500000000000058
10 0.5229375 0.37602083333333336 0.007515624999999915 0.013937499999999995
10 0.536453125 0.3770208333333333 0.008874999999999921 0.014437500000000015
10 0.5527656249999999 0.37770833333333337 0.00803124999999998 0.014333333333333325
10 0.567734375 0.37864583333333335 0.007828124999999986 0.017708333333333333
10 0.578734375 0.37933333333333336 0.007499999999999929 0.01906249999999995
10 0.58784375 0.37937499999999996 0.008984375 0.01768750000000002
20 0.725203125 0.3429375 0.09509375000000002 0.0712708333333333
17 0.61290625 0.37385416666666665 0.03567187500000006 0.02449999999999998
24 0.6308906249999999 0.45197916666666665 0.10735937500000006 0.10187499999999995
18 0.709 0.1709375 0.19548437499999993 0.03533333333333335