0 0.346875 0.5318532818532818 0.1125 0.1138996138996139
24 0.550859375 0.5884362934362934 0.08703125000000007 0.09316602316602315
24 0.665359375 0.5517374517374518 0.04407812500000006 0.08552123552123543
14 0.8336874999999999 0.5152895752895753 0.0057343750000001135 0.01994208494208502
14 0.77159375 0.4823359073359073 0.004875000000000007 0.02185328185328184
17 0.9901562500000001 0.5960231660231661 0.019687499999999858 0.03936293436293434
16 0.945296875 0.5694015444015443 0.06259374999999992 0.04673745173745181
17 0.64784375 0.49963320463320465 0.02257812500000007 0.028262548262548235
17 0.708703125 0.49555984555984556 0.026890625000000057 0.027432432432432447
17 0.7398125 0.5044401544401544 0.01732812500000005 0.017027027027027124
20 0.831078125 0.49252895752895753 0.051203124999999974 0.025559845559845577
9 0.7530625 0.526023166023166 0.029468750000000023 0.03306949806949806