2 0.8480288461538461 0.2835576923076923 0.08079326923076927 0.06915865384615387
8 0.2658173076923077 0.8382451923076922 0.3002644230769231 0.32348557692307706
11 0.6331971153846154 0.4778846153846154 0.06062500000000007 0.1350240384615385
4 0.6109375000000001 0.4019230769230769 0.01870192307692308 0.03461538461538456
4 0.8629326923076923 0.3646394230769231 0.028149038461538548 0.04591346153846159
4 0.07271634615384616 0.30514423076923075 0.02197115384615385 0.021346153846153834
4 0.09903846153846155 0.28283653846153844 0.024134615384615365 0.01757211538461539
4 0.31548076923076923 0.2714903846153846 0.024326923076923086 0.021346153846153834
4 0.190625 0.3353846153846154 0.022187499999999975 0.02173076923076928
4 0.30170673076923077 0.4053605769230769 0.03040865384615386 0.029447115384615384
4 0.5026201923076923 0.2976201923076923 0.03322115384615383 0.027908653846153878
5 0.48093749999999996 0.14338942307692307 0.018677884615384572 0.010312500000000014
5 0.37699519230769235 0.15533653846153847 0.015120192307692357 0.010216346153846154
5 0.07375 0.23475961538461537 0.016802884615384612 0.015216346153846184
5 0.061875 0.23012019230769232 0.0146875 0.013125000000000019
5 0.09423076923076924 0.24826923076923077 0.0361298076923077 0.027788461538461543
5 0.016874999999999998 0.23560096153846155 0.023269230769230768 0.016875000000000025
5 0.057115384615384616 0.27447115384615384 0.04122596153846154 0.027307692307692342
5 0.18266826923076923 0.3004807692307692 0.054326923076923064 0.04084134615384617
5 0.17302884615384617 0.2360096153846154 0.023028846153846184 0.020120192307692318
5 0.20665865384615384 0.22805288461538462 0.02987980769230771 0.023293269230769225
5 0.3163221153846154 0.2215625 0.04764423076923075 0.034495192307692296
5 0.29646634615384615 0.34485576923076927 0.07762019230769229 0.05750000000000004
5 0.5054086538461539 0.24098557692307693 0.0676201923076923 0.049254807692307716
7 0.5153846153846154 0.3652403846153846 0.07076923076923076 0.12233173076923073
7 0.48163461538461544 0.17293269230769232 0.022451923076923015 0.028557692307692298
7 0.3798076923076923 0.18865384615384617 0.025552884615384606 0.031177884615384614
7 0.3448798076923077 0.3283894230769231 0.061466346153846135 0.1038942307692308
7 0.26298076923076924 0.5010096153846153 0.08278846153846153 0.17507211538461534
7 0.22288461538461538 0.30197115384615386 0.04586538461538458 0.07990384615384617
7 0.17048076923076924 0.40117788461538456 0.05158653846153848 0.12927884615384608
7 0.18451923076923077 0.2750721153846154 0.0315865384615385 0.02127403846153845
7 0.0996875 0.3376923076923077 0.05185096153846153 0.07923076923076922
7 0.05134615384615385 0.35899038461538463 0.05134615384615385 0.08576923076923079
7 0.031802884615384615 0.2597836538461538 0.019423076923076918 0.021947115384615374
8 0.00810096153846154 0.3027163461538462 0.01620192307692308 0.16312500000000002
8 0.014831730769230769 0.2458894230769231 0.01918269230769231 0.05189903846153847
8 0.029399038461538463 0.270625 0.026658653846153842 0.03646634615384613
8 0.06425480769230771 0.4586538461538462 0.08915865384615386 0.40045673076923083
8 0.059807692307692305 0.2316105769230769 0.01052884615384616 0.023341346153846174
8 0.07103365384615384 0.23310096153846155 0.016201923076923083 0.023918269230769205
8 0.10836538461538461 0.4292788461538462 0.0691826923076923 0.3922115384615385
8 0.16427884615384616 0.47930288461538456 0.0873076923076923 0.3961298076923076
8 0.17704326923076924 0.25177884615384616 0.05271634615384617 0.0492307692307692
8 0.23151442307692308 0.2751442307692307 0.07992788461538461 0.12483173076923075
8 0.2896153846153846 0.49403846153846154 0.15528846153846151 0.36545673076923085
8 0.34925480769230766 0.3163221153846154 0.11831730769230765 0.22879807692307694
8 0.38 0.21019230769230768 0.030769230769230795 0.12228365384615386
8 0.4863942307692308 0.1805528846153846 0.027187500000000007 0.0894471153846154
8 0.5201201923076924 0.34850961538461533 0.1234615384615385 0.2643028846153846
8 0.6412740384615384 0.5069230769230769 0.0797355769230769 0.33836538461538457
8 0.8327403846153847 0.45625000000000004 0.16699519230769239 0.43894230769230774
2 0.6218269230769231 0.3550480769230769 0.038413461538461584 0.04903846153846148
11 0.8303125 0.5065144230769231 0.11887019230769241 0.25338942307692314