11 0.03766666666666667 0.577 0.07533333333333334 0.286
11 0.23415333333333335 0.4029 0.03100666666666666 0.09195000000000005
11 0.19585333333333332 0.43392000000000003 0.054913333333333335 0.12168999999999994
11 0.2708333333333333 0.42877 0.04693333333333332 0.11138999999999999
11 0.31424 0.42767 0.030160000000000006 0.09073000000000002
11 0.34071999999999997 0.4746 0.0564533333333333 0.15689000000000003
11 0.38410666666666665 0.39820999999999995 0.035533333333333306 0.08565999999999997
11 0.41353999999999996 0.47376 0.05644000000000005 0.11213000000000005
11 0.4428 0.43061 0.021633333333333362 0.07046000000000004
11 0.49016666666666664 0.48613999999999996 0.08149333333333333 0.17228999999999997
11 0.5405333333333333 0.42819 0.02941333333333326 0.09485000000000002
11 0.5721466666666667 0.45383 0.06904666666666662 0.11381000000000006
11 0.6591266666666667 0.44354000000000005 0.04607999999999993 0.10861000000000001
11 0.70268 0.4728 0.07267333333333341 0.12560000000000002
11 0.75334 0.44345999999999997 0.052966666666666544 0.09922000000000003
2 0.7660733333333333 0.3683 0.028179999999999986 0.030450000000000046
2 0.6963733333333333 0.3654 0.03749333333333326 0.040039999999999965
2 0.6667733333333333 0.34928 0.028559999999999947 0.03394000000000005
2 0.5685333333333333 0.35389 0.02798000000000002 0.030850000000000023
2 0.55196 0.34652999999999995 0.02251999999999998 0.026899999999999976
2 0.5023333333333333 0.35494 0.04120666666666663 0.04220000000000004
2 0.43728666666666666 0.37076 0.015733333333333273 0.02307000000000005
2 0.4173866666666667 0.36265 0.030733333333333272 0.03422000000000003
2 0.40768 0.3444 0.018059999999999944 0.01341999999999996
2 0.38320666666666664 0.32541000000000003 0.021426666666666733 0.023129999999999994
2 0.35142 0.34097000000000005 0.038873333333333294 0.04039999999999998
2 0.32611333333333337 0.35567000000000004 0.014933333333333318 0.019039999999999963
2 0.26625333333333334 0.3372 0.02956000000000002 0.029789999999999962
2 0.2097 0.32583 0.013893333333333355 0.01627999999999997
2 0.20021333333333333 0.33233999999999997 0.031846666666666655 0.02467999999999995
2 0.036533333333333334 0.3168 0.07165999999999999 0.09512999999999999
6 0.03658 0.40545 0.032780000000000004 0.03398000000000002
6 0.20736666666666667 0.36572000000000005 0.013326666666666672 0.016059999999999946
6 0.26353333333333334 0.36757999999999996 0.013873333333333297 0.01208000000000004
6 0.3301 0.37915 0.009560000000000022 0.012139999999999986
6 0.3552133333333334 0.38180000000000003 0.017739999999999933 0.01591999999999996
6 0.38571333333333335 0.35468 0.013100000000000061 0.01242999999999995
6 0.43141999999999997 0.38088 0.005026666666666643 0.007909999999999967
6 0.42192666666666667 0.39793 0.011686666666666649 0.011240000000000009
6 0.5046466666666667 0.40392 0.015073333333333267 0.021690000000000053
6 0.5728866666666667 0.38621 0.015146666666666685 0.013950000000000046
6 0.6714133333333333 0.38623 0.013226666666666612 0.01091999999999996
6 0.7000866666666667 0.40763 0.014159999999999855 0.016799999999999954
6 0.76472 0.39624000000000004 0.013166666666666667 0.012480000000000019
1 0.7700133333333333 0.45206 0.032979999999999864 0.033350000000000025
1 0.7453466666666666 0.49662 0.016466666666666546 0.03014999999999998
1 0.7758866666666666 0.50978 0.008833333333333334 0.022630000000000053
1 0.5947 0.40055 0.010559999999999946 0.016490000000000008
1 0.53874 0.49533 0.011460000000000036 0.029120000000000004
1 0.44950666666666667 0.46326999999999996 0.00530000000000003 0.020389999999999988
1 0.4122266666666667 0.55023 0.014846666666666654 0.0266099999999999
1 0.384 0.51707 0.016853333333333314 0.024920000000000015
1 0.38360666666666665 0.4995 0.007859999999999976 0.017450000000000045
1 0.31283333333333335 0.45056999999999997 0.006826666666666673 0.011919999999999958
1 0.30606 0.48331999999999997 0.014820000000000012 0.025110000000000014
1 0.24167999999999998 0.49126 0.013233333333333349 0.02867999999999995
1 0.17443333333333333 0.49909 0.010026666666666661 0.01816999999999996
1 0.014593333333333333 0.7388899999999999 0.029186666666666666 0.05777999999999997
1 0.07741333333333333 0.71293 0.023173333333333327 0.044319999999999936
8 0.06712666666666667 0.6333300000000001 0.13425333333333334 0.7333300000000001
8 0.22728666666666666 0.45869 0.047413333333333335 0.28138
8 0.19890666666666668 0.48536 0.07065333333333335 0.33472
8 0.2724533333333333 0.47654 0.08041333333333334 0.31108
8 0.3162 0.45016 0.03458 0.20831000000000005
8 0.35068 0.53025 0.07686666666666664 0.4185
8 0.3846 0.45279 0.039373333333333295 0.27759000000000006
8 0.40766 0.35176999999999997 0.016160000000000008 0.031529999999999975
8 0.44075333333333333 0.45215 0.023686666666666648 0.18829999999999997
8 0.41674 0.48629 0.062326666666666676 0.27857000000000004
8 0.5189466666666667 0.43209 0.0174066666666666 0.07817999999999994
8 0.49428 0.53838 0.08539999999999993 0.41075
8 0.5446333333333334 0.46497000000000005 0.03944666666666671 0.26594000000000007
8 0.57624 0.50285 0.07065333333333335 0.32570000000000005
8 0.6593133333333333 0.45724000000000004 0.04747333333333336 0.24848
8 0.72848 0.5363600000000001 0.11514000000000002 0.38472
8 0.75434 0.48025 0.05485999999999998 0.2565