1 0.13202666666666665 0.63427 0.02647333333333332 0.026319999999999937
1 0.2968533333333333 0.54716 0.024406666666666677 0.034319999999999934
1 0.45535333333333333 0.57399 0.01130666666666669 0.02940000000000009
1 0.4699933333333333 0.57765 0.01868666666666665 0.03957999999999993
1 0.5784466666666667 0.56601 0.018446666666666715 0.04916000000000008
1 0.6379333333333334 0.5323 0.01419999999999997 0.0206099999999999
1 0.6455733333333333 0.55329 0.02237999999999996 0.031910000000000084
1 0.7377866666666667 0.49321 0.01480666666666669 0.02375999999999999
1 0.5964066666666666 0.5234 0.01471333333333329 0.017470000000000027
1 0.6932866666666667 0.54092 0.006693333333333309 0.021829999999999926
1 0.7986000000000001 0.60334 0.01910000000000006 0.03333999999999992
1 0.9009266666666668 0.62352 0.02641333333333326 0.03503999999999997
6 0.8563533333333333 0.41154 0.03060000000000006 0.02175
6 0.8109133333333333 0.37406 0.02060666666666657 0.017450000000000045
6 0.7461733333333334 0.38618 0.026246666666666595 0.020370000000000006
6 0.709 0.38047000000000003 0.021233333333333274 0.018279999999999973
6 0.6547266666666667 0.40656 0.02112000000000004 0.019789999999999964
6 0.6372733333333334 0.36324 0.016433333333333393 0.018470000000000028
6 0.6043000000000001 0.38456999999999997 0.019826666666666673 0.018460000000000035
6 0.5538933333333333 0.33394 0.02301333333333332 0.018539999999999963
6 0.55934 0.3981 0.020573333333333266 0.018870000000000005
6 0.48623333333333335 0.34293 0.019246666666666593 0.017860000000000015
6 0.49792 0.40488999999999997 0.022179999999999988 0.020460000000000037
6 0.45477999999999996 0.37677 0.020346666666666655 0.020200000000000044
6 0.38311999999999996 0.3407 0.0219066666666666 0.021389999999999985
6 0.16771333333333333 0.39668000000000003 0.03199333333333334 0.02802999999999997
6 0.22366 0.38231 0.023886666666666695 0.020610000000000014
6 0.2735666666666667 0.40495 0.024140000000000023 0.023230000000000018
6 0.3407133333333333 0.38335 0.026880000000000032 0.020039999999999964
6 0.42252666666666666 0.40173000000000003 0.0225 0.023460000000000036
2 0.16564666666666664 0.34470999999999996 0.05008666666666665 0.04541999999999996
2 0.21900666666666666 0.33987 0.03857333333333334 0.038399999999999976
2 0.26880666666666664 0.36047 0.043066666666666684 0.04227999999999997
2 0.3388933333333333 0.34288 0.03745999999999996 0.03642999999999995
2 0.38336 0.30257999999999996 0.03039333333333328 0.033169999999999956
2 0.42203999999999997 0.35393 0.03664666666666668 0.03718999999999994
2 0.45444666666666667 0.33936 0.03130000000000003 0.03603999999999996
2 0.48435999999999996 0.31001999999999996 0.028833333333333332 0.030710000000000036
2 0.49643333333333334 0.36265 0.03521333333333329 0.03597000000000003
2 0.5544 0.29852999999999996 0.031140000000000025 0.030399999999999976
2 0.56064 0.36067 0.033839999999999995 0.03734000000000003
2 0.6019933333333334 0.34879000000000004 0.03299333333333334 0.03441999999999996
2 0.6411466666666666 0.32605 0.03129333333333337 0.03342999999999995
2 0.6584066666666667 0.36415 0.03560000000000006 0.038970000000000025
2 0.70842 0.33846 0.03606666666666661 0.03425
2 0.7475466666666666 0.34238999999999997 0.04143333333333339 0.042110000000000015
2 0.80976 0.33147000000000004 0.040533333333333456 0.042950000000000044
2 0.8576066666666667 0.35574 0.05009333333333325 0.04749000000000001
11 0.15963333333333332 0.49501 0.12544666666666665 0.19002
11 0.22607333333333335 0.43633 0.062326666666666676 0.07065999999999997
11 0.27312000000000003 0.49489999999999995 0.10308666666666666 0.17380999999999994
11 0.34217333333333333 0.46059 0.09452666666666665 0.14517999999999995
11 0.37929333333333337 0.38117 0.055426666666666735 0.05833000000000004
11 0.42092666666666667 0.48139 0.09336666666666664 0.15878999999999996
11 0.5016666666666667 0.48519 0.07084666666666666 0.13838
1 0.5082733333333334 0.56868 0.019246666666666593 0.04350999999999999
11 0.45849333333333336 0.40526999999999996 0.04070666666666663 0.05822000000000003
11 0.49716 0.38185 0.059579999999999925 0.049860000000000015
11 0.55296 0.38245999999999997 0.07067333333333332 0.08031000000000006
11 0.5672466666666667 0.48904000000000003 0.06642666666666673 0.15039
11 0.61572 0.47368 0.04541999999999992 0.13813999999999999
11 0.6330466666666666 0.39774 0.02571333333333329 0.03392999999999995
11 0.6574 0.48591999999999996 0.07954666666666663 0.14721999999999996
11 0.7102533333333334 0.42212 0.046799999999999876 0.07347000000000002
11 0.7493533333333333 0.46902 0.10653333333333345 0.14880999999999994
11 0.8034266666666667 0.45776 0.07417333333333348 0.14936000000000008
11 0.8668266666666666 0.50176 0.12610000000000007 0.19582999999999998
8 0.16496 0.56647 0.15207333333333334 0.49295000000000005
8 0.22382000000000002 0.52437 0.0564666666666667 0.4116000000000001
8 0.27149333333333336 0.5681799999999999 0.11942666666666665 0.45922
8 0.3420333333333333 0.5294099999999999 0.09669333333333331 0.41597
8 0.3811266666666667 0.48186 0.05679333333333337 0.38943000000000005
8 0.42000666666666664 0.553 0.09455333333333328 0.44027999999999995
8 0.45732666666666666 0.51561 0.055706666666666634 0.39122
8 0.48317333333333334 0.48401 0.03802666666666664 0.3765799999999999
8 0.49820666666666663 0.55106 0.08714666666666669 0.4078299999999999
8 0.5535399999999999 0.47499 0.07780666666666669 0.38426
8 0.5640266666666667 0.54726 0.0683066666666667 0.4116600000000001
8 0.60422 0.5269199999999999 0.05535333333333332 0.39098
8 0.63656 0.5022 0.04766000000000001 0.38439999999999996
8 0.6529533333333333 0.55468 0.08997333333333328 0.41794000000000003
8 0.70222 0.5027 0.05707999999999993 0.37112
8 0.7449600000000001 0.5506599999999999 0.11779333333333337 0.45847000000000004
8 0.7993933333333333 0.5283 0.08189333333333343 0.44231999999999994
8 0.85716 0.5842999999999999 0.1421866666666668 0.50574