7 0.04807692307692308 0.3269230769230769 0.09615384615384616 0.2548076923076923
7 0.12379807692307693 0.32336538461538467 0.0719471153846154 0.22495192307692305
7 0.190625 0.3319471153846154 0.05483173076923077 0.19843750000000002
7 0.25038461538461537 0.3140384615384615 0.08036057692307694 0.1516586538461539
7 0.35283653846153845 0.35091346153846154 0.10394230769230771 0.1817307692307692
7 0.5583173076923077 0.34680288461538467 0.14117788461538466 0.29367788461538463
7 0.7806971153846154 0.3488701923076923 0.13793269230769228 0.304375
1 0.9860576923076922 0.49151442307692306 0.026394230769230812 0.017115384615384626
1 0.8157211538461537 0.4659134615384615 0.03973557692307686 0.07516826923076919
1 0.6872355769230769 0.3499278846153846 0.040624999999999946 0.08798076923076925
1 0.2175721153846154 0.9463461538461538 0.078125 0.10730769230769227
1 0.13942307692307693 0.9375 0.07692307692307693 0.125
11 0.1088701923076923 0.6012740384615385 0.2177403846153846 0.20822115384615386
11 0.3539182692307692 0.709951923076923 0.15115384615384614 0.42120192307692317
4 0.43713942307692305 0.6029807692307693 0.014639423076923017 0.041201923076923115
2 0.45153846153846156 0.5532451923076923 0.04125000000000006 0.061899038461538464
2 0.5942788461538462 0.5382692307692307 0.07105769230769231 0.08658653846153842
11 0.5511538461538461 0.7891346153846153 0.179326923076923 0.29985576923076923
10 0.5865144230769231 0.920264423076923 0.06427884615384617 0.15947115384615393
8 0.45252403846153844 0.6821875000000001 0.04980769230769237 0.3241586538461539
8 0.5492788461538461 0.7487980769230769 0.18509615384615385 0.5024038461538461
8 0.30141826923076925 0.7496634615384615 0.24584134615384617 0.5006490384615384
8 0.109375 0.7487980769230769 0.21875 0.5024038461538461
8 0.34942307692307695 0.3245432692307692 0.11456730769230765 0.2623076923076923
8 0.9847836538461539 0.43911057692307687 0.03040865384615379 0.12206730769230777
8 0.7595192307692307 0.28932692307692304 0.20487980769230774 0.4235096153846154
8 0.5555528846153847 0.2767307692307692 0.2208653846153846 0.43764423076923076
4 0.6342307692307692 0.2204326923076923 0.061370192307692244 0.07156250000000003
4 0.8190865384615384 0.18122596153846154 0.04644230769230781 0.047764423076923086
4 0.06942307692307692 0.1798076923076923 0.05500000000000001 0.04278846153846157
4 0.1433173076923077 0.20338942307692306 0.04110576923076925 0.046177884615384635
4 0.17677884615384618 0.22576923076923078 0.020576923076923083 0.045072115384615384
4 0.21358173076923076 0.23266826923076925 0.03300480769230767 0.03483173076923079
4 0.26096153846153847 0.22879807692307694 0.03600961538461536 0.031466346153846164
4 0.3615625 0.2532932692307692 0.03612980769230763 0.03675480769230767
5 0.3764423076923077 0.20252403846153846 0.039663461538461536 0.0226201923076923
5 0.26264423076923077 0.1747596153846154 0.045889423076923085 0.021730769230769213
5 0.2121875 0.17713942307692307 0.04331730769230772 0.02211538461538459
5 0.14379807692307692 0.13427884615384617 0.05298076923076925 0.0325480769230769
5 0.06475961538461539 0.10697115384615384 0.06098557692307692 0.030384615384615385