2 0.18561333333333335 0.34764999999999996 0.023259999999999992 0.02815999999999997
2 0.25959333333333334 0.35247 0.019786666666666633 0.01922000000000003
2 0.3200266666666667 0.34738 0.010179999999999988 0.01475
2 0.30426666666666663 0.33393 0.023419999999999996 0.027870000000000006
2 0.3086333333333333 0.36055000000000004 0.04072000000000003 0.035389999999999984
2 0.39276666666666665 0.34911000000000003 0.022053333333333286 0.0225
2 0.44254 0.35619999999999996 0.04282666666666667 0.03811000000000001
2 0.4866133333333333 0.36456 0.014780000000000048 0.01767999999999995
2 0.4989266666666667 0.36501 0.01560000000000006 0.017159999999999967
2 0.5291066666666666 0.35827 0.02929333333333337 0.027960000000000037
2 0.5694600000000001 0.33282 0.02237999999999996 0.021360000000000014
2 0.6075333333333333 0.3085 0.03567333333333333 0.03842999999999995
2 0.59782 0.36136 0.06100666666666666 0.067
2 0.6582933333333334 0.38527999999999996 0.018140000000000024 0.021980000000000017
2 0.67916 0.37489999999999996 0.01069333333333331 0.00875
11 0.6767333333333333 0.39704 0.01215333333333327 0.026710000000000036
1 0.6632466666666667 0.4803 0.013260000000000067 0.020590000000000032
1 0.63342 0.53572 0.012546666666666624 0.036710000000000034
1 0.5965533333333334 0.66914 0.027086666666666738 0.07406999999999994
1 0.55476 0.51555 0.009613333333333382 0.026890000000000042
1 0.4935133333333333 0.45187 0.0064133333333332605 0.010049999999999955
1 0.49444666666666665 0.45223 0.007579999999999927 0.01183000000000004
1 0.21955999999999998 0.39100999999999997 0.038160000000000006 0.029389999999999986
1 0.3463866666666667 0.45363 0.009006666666666661 0.01674000000000001
1 0.3427066666666666 0.54208 0.016379999999999995 0.03256999999999994
1 0.3655933333333333 0.47614999999999996 0.010933333333333394 0.02284000000000003
1 0.6802466666666666 0.47251 0.012166666666666591 0.01975999999999999
1 0.68442 0.4716 0.009280000000000049 0.019
1 0.7092466666666666 0.44994 0.011219999999999952 0.024100000000000024
1 0.7207333333333332 0.44880000000000003 0.022253333333333406 0.017600000000000022
1 0.8337466666666666 0.42054 0.016 0.013720000000000027
1 0.78898 0.50954 0.0106866666666668 0.025399999999999978
1 0.8257133333333333 0.4753 0.015373333333333296 0.021120000000000003
1 0.8327266666666666 0.48542 0.012560000000000097 0.015059999999999945
1 0.8785799999999999 0.53931 0.010933333333333394 0.03125
1 0.8795599999999999 0.5392899999999999 0.019913333333333262 0.02909999999999991
1 0.8777600000000001 0.54296 0.01139999999999994 0.030130000000000108
2 0.6941133333333334 0.37325 0.023153333333333345 0.022870000000000005
2 0.7337533333333334 0.35508 0.02788666666666662 0.025610000000000015
2 0.7921666666666667 0.36901 0.02107999999999993 0.022559999999999945
2 0.8340599999999999 0.37672000000000005 0.019406666666666753 0.021629999999999996
2 0.8847933333333333 0.37174 0.03421999999999995 0.026200000000000046
2 0.9189200000000001 0.38071 0.03579333333333337 0.03597000000000003
11 0.91818 0.50671 0.07067999999999999 0.14161
11 0.8828733333333333 0.45274000000000003 0.055826666666666525 0.10458000000000003
11 0.8347066666666666 0.45348 0.05404666666666678 0.08788
11 0.7935066666666667 0.45039999999999997 0.028613333333333383 0.09899000000000001
11 0.7375933333333334 0.44351 0.05253999999999996 0.10520000000000004
11 0.6980533333333333 0.44223 0.0425466666666667 0.09080999999999995
11 0.6639133333333334 0.44464 0.031846666666666655 0.07747000000000002
11 0.5639000000000001 0.40457 0.031219999999999953 0.07641999999999996
11 0.5000533333333333 0.42591 0.03442666666666673 0.06817999999999995
11 0.48600666666666664 0.41951 0.007553333333333285 0.052649999999999975
11 0.4179533333333333 0.42306 0.01628666666666671 0.02158000000000004
11 0.3921333333333334 0.42202 0.054953333333333375 0.08768000000000006
11 0.33441333333333334 0.41631999999999997 0.01773333333333331 0.08538
11 0.30395333333333335 0.40948 0.05193333333333332 0.0635
11 0.26413333333333333 0.41457 0.035919999999999994 0.07733000000000004
11 0.3035133333333333 0.46329000000000004 0.06923333333333336 0.13658000000000003
11 0.44538000000000005 0.471 0.0765933333333334 0.15108999999999997
11 0.53442 0.43851999999999997 0.06255333333333328 0.09702999999999998
11 0.6285266666666667 0.41499 0.04331333333333335 0.12499
11 0.5909866666666667 0.54623 0.08379333333333337 0.23246000000000003
6 0.18502666666666667 0.36929 0.006806666666666691 0.015850000000000024
11 0.17354666666666665 0.41397 0.047480000000000015 0.09065999999999996
6 0.26067999999999997 0.37741 0.01205333333333336 0.01208000000000004
6 0.31421333333333334 0.39567 0.018513333333333323 0.017700000000000046
6 0.39303999999999994 0.37595 0.012519999999999983 0.012799999999999954
6 0.43188000000000004 0.39793 0.007166666666666667 0.01858000000000004
6 0.4863666666666666 0.38375 0.006446666666666715 0.009330000000000041
6 0.4991 0.38437 0.009486666666666678 0.00875
6 0.5280733333333334 0.38664 0.01652666666666664 0.014190000000000055
2 0.51794 0.37981 0.005359999999999976 0.015990000000000008
6 0.5683266666666666 0.35719999999999996 0.012186666666666648 0.01166999999999996
6 0.5756600000000001 0.41091 0.006246666666666594 0.026370000000000005
6 0.6574333333333333 0.40516 0.007973333333333358 0.009399999999999978
6 0.6940866666666667 0.39918 0.012179999999999988 0.011789999999999964
6 0.7335866666666667 0.38361 0.017246666666666594 0.012669999999999959
4 0.7952 0.39155 0.007146666666666533 0.01947000000000003
6 0.8345266666666666 0.40113 0.014286666666666557 0.01316999999999996
6 0.87906 0.40208999999999995 0.012439999999999903 0.015090000000000032
6 0.91234 0.41487999999999997 0.013546666666666776 0.018850000000000023
8 0.9113 0.51074 0.08601333333333332 0.29783999999999994
8 0.8842933333333334 0.50104 0.052 0.2857200000000001
8 0.8329133333333333 0.48984000000000005 0.05650666666666681 0.24877000000000005
8 0.805 0.48951999999999996 0.0649333333333334 0.26449
8 0.7337266666666666 0.48556 0.058740000000000084 0.2884
8 0.67926 0.3897 0.01648000000000002 0.03938999999999999
8 0.6949200000000001 0.47947 0.04779333333333337 0.23621000000000003
8 0.66264 0.47326 0.03320666666666663 0.20197000000000004
8 0.62254 0.50413 0.06311333333333338 0.42951999999999996
8 0.5636733333333334 0.39349 0.03371333333333329 0.14573000000000003
8 0.5336466666666667 0.49665 0.07282000000000001 0.30828999999999995
8 0.49971333333333334 0.45068 0.03579333333333337 0.19010000000000002
8 0.49024 0.44122 0.02267999999999999 0.17244000000000007
8 0.44566 0.53779 0.08101333333333333 0.4043299999999999
8 0.3887733333333333 0.46135000000000004 0.059746666666666746 0.2501900000000001
8 0.33301333333333333 0.42712 0.034886666666666656 0.17673000000000003
8 0.3094133333333333 0.38727 0.06685333333333332 0.14077999999999996
8 0.2611266666666667 0.42917 0.04360666666666665 0.17710000000000004
8 0.18370666666666666 0.43701999999999996 0.05877999999999999 0.20778999999999997
8 0.27815333333333336 0.52835 0.15266666666666667 0.37294000000000005
8 0.5926133333333333 0.6353300000000001 0.08417999999999999 0.6233799999999999