2 0.25467999999999996 0.22928 0.029926666666666657 0.03457
2 0.3627266666666667 0.32575 0.021126666666666703 0.03684000000000003
2 0.42728666666666665 0.4706 0.019573333333333266 0.03186000000000001
2 0.34443999999999997 0.44185 0.021886666666666655 0.03702999999999997
6 0.26558666666666664 0.25424 0.014400000000000015 0.011159999999999996
1 0.30768 0.29285 0.00970666666666663 0.023029999999999974
1 0.26138 0.3499 0.00955333333333336 0.026470000000000028
1 0.34972000000000003 0.38912 0.01200666666666666 0.012909999999999968
1 0.39280000000000004 0.37239 0.010166666666666666 0.015440000000000054
1 0.4110533333333334 0.52524 0.005786666666666709 0.007819999999999936
1 0.35002 0.51603 0.01349333333333334 0.025400000000000034
1 0.3803733333333333 0.47206 0.0075266666666666425 0.010779999999999972
1 0.45164000000000004 0.49826 0.008726666666666612 0.016519999999999983
1 0.4891 0.65358 0.0036533333333333457 0.007150000000000091
2 0.47773333333333334 0.6597000000000001 0.018353333333333315 0.029410000000000082
2 0.539 0.67243 0.015753333333333407 0.029470000000000027
11 0.5337866666666666 0.6797300000000001 0.03456666666666661 0.05176999999999998
11 0.42352 0.4839 0.03146000000000004 0.05317999999999995
11 0.35078666666666664 0.45733999999999997 0.05062000000000004 0.07391999999999996
11 0.36206000000000005 0.34913 0.041366666666666635 0.06978999999999996
11 0.2725933333333333 0.28111 0.06449333333333333 0.09761000000000002
8 0.2804333333333333 0.31168 0.08169999999999997 0.19951
8 0.3679133333333333 0.38180000000000003 0.06025333333333329 0.14976
8 0.3648 0.4782900000000001 0.07914666666666668 0.11580000000000001
8 0.4289533333333333 0.50315 0.05310666666666672 0.094
8 0.47617333333333334 0.67734 0.03061333333333338 0.07775
8 0.5340533333333334 0.69325 0.036633333333333365 0.07957999999999993