10 0.27454545454545454 0.1266891891891892 0.01 0.02364864864864865
10 0.36772727272727274 0.13277027027027027 0.006363636363636364 0.0222972972972973
10 0.285 0.15506756756756757 0.012727272727272728 0.0222972972972973
10 0.3575 0.1489864864864865 0.008636363636363636 0.018243243243243244
10 0.4495454545454545 0.14155405405405405 0.006363636363636364 0.01418918918918919
10 0.5138636363636364 0.14763513513513513 0.006818181818181818 0.015540540540540541
10 0.5922727272727273 0.15506756756756757 0.00909090909090909 0.016891891891891893
10 0.6722727272727272 0.16317567567567567 0.00909090909090909 0.019594594594594596
10 0.7809090909090909 0.17635135135135135 0.013636363636363636 0.022972972972972974
10 0.7961363636363636 0.1912162162162162 0.017727272727272727 0.02837837837837838
10 0.7722727272727272 0.2125 0.02181818181818182 0.03581081081081081
10 0.7336363636363636 0.26013513513513514 0.028181818181818183 0.05540540540540541
10 0.6361363636363636 0.37533783783783786 0.045909090909090906 0.10202702702702703
10 0.17886363636363636 0.1581081081081081 0.015 0.02702702702702703
10 0.40863636363636363 0.13682432432432431 0.005454545454545455 0.012837837837837839
10 0.07931818181818182 0.13986486486486485 0.014090909090909091 0.024324324324324326
10 0.19227272727272726 0.13952702702702702 0.01 0.020945945945945947
10 0.25227272727272726 0.13547297297297298 0.008181818181818182 0.018243243243243244
10 0.2859090909090909 0.12905405405405404 0.006363636363636364 0.014864864864864866
10 0.30454545454545456 0.12466216216216217 0.005454545454545455 0.011486486486486487
10 0.3170454545454545 0.12263513513513513 0.005 0.010135135135135136
10 0.32522727272727275 0.12060810810810811 0.004090909090909091 0.008783783783783784
10 0.3643181818181818 0.14121621621621622 0.008636363636363636 0.014864864864864866
10 0.9290909090909091 0.18141891891891893 0.01090909090909091 0.025
10 0.8245454545454546 0.16824324324324325 0.01090909090909091 0.01891891891891892
10 0.7411363636363636 0.16148648648648647 0.008636363636363636 0.016216216216216217
10 0.6411363636363636 0.1516891891891892 0.006818181818181818 0.015540540540540541
10 0.5822727272727273 0.14797297297297296 0.007272727272727273 0.013513513513513514
10 0.5209090909090909 0.14222972972972972 0.004545454545454545 0.011486486486486487
10 0.48977272727272725 0.13851351351351351 0.005 0.010810810810810811
10 0.4813636363636364 0.13513513513513514 0.004545454545454545 0.010810810810810811
10 0.4731818181818182 0.13344594594594594 0.0036363636363636364 0.008783783783783784
10 0.4659090909090909 0.12804054054054054 0.0027272727272727275 0.007432432432432433
10 0.41545454545454547 0.1293918918918919 0.004545454545454545 0.011486486486486487
10 0.4213636363636364 0.12804054054054054 0.0036363636363636364 0.010135135135135136
10 0.4243181818181818 0.12702702702702703 0.003181818181818182 0.00945945945945946
10 0.43068181818181817 0.12702702702702703 0.003181818181818182 0.00945945945945946
10 0.4329545454545455 0.1260135135135135 0.003181818181818182 0.008783783783783784
10 0.43568181818181817 0.12432432432432433 0.003181818181818182 0.008108108108108109
10 0.45454545454545453 0.125 0.0027272727272727275 0.008108108108108109
10 0.46954545454545454 0.12702702702702703 0.0018181818181818182 0.006756756756756757
10 0.3704545454545455 0.13074324324324324 0.0036363636363636364 0.011486486486486487
10 0.3729545454545454 0.1260135135135135 0.003181818181818182 0.010135135135135136
10 0.3756818181818182 0.12297297297297298 0.003181818181818182 0.00945945945945946
10 0.4075 0.13243243243243244 0.003181818181818182 0.012162162162162163