6 0.054725 0.0537 0.042675 0.044233333333333326
6 0.111525 0.015199999999999998 0.03787500000000001 0.026866666666666667
4 0.2862 0.07696666666666667 0.05967500000000001 0.05566666666666665
4 0.5025999999999999 0.14546666666666666 0.06477500000000007 0.03479999999999999
4 0.858075 0.08993333333333334 0.04414999999999992 0.04303333333333335
4 0.859725 0.2064 0.05469999999999999 0.04786666666666664
4 0.9389749999999999 0.3539 0.074375 0.055166666666666704
4 0.9739249999999999 0.6600666666666667 0.05215000000000004 0.05696666666666658
4 0.5820000000000001 0.8368666666666666 0.08142499999999998 0.07023333333333341
4 0.36822499999999997 0.9453666666666667 0.07230000000000004 0.06966666666666659
4 0.152925 0.7354666666666666 0.044375 0.044533333333333376
4 0.09672499999999999 0.8070666666666667 0.07407499999999999 0.06326666666666672
4 0.024775000000000002 0.8992333333333332 0.04860000000000001 0.09843333333333325
6 0.071775 0.4929 0.060999999999999985 0.04543333333333332
4 0.043125 0.361 0.06425 0.05580000000000003
4 0.243975 0.2704666666666667 0.06032499999999999 0.06026666666666671
4 0.48619999999999997 0.27786666666666665 0.06877499999999998 0.053566666666666644
4 0.50615 0.43956666666666666 0.05834999999999994 0.057633333333333356
4 0.252425 0.5117333333333334 0.05127499999999998 0.06560000000000002
4 0.518325 0.7566999999999999 0.054124999999999944 0.05726666666666669
4 0.6598999999999999 0.5038666666666667 0.04780000000000001 0.04983333333333329
4 0.677675 0.27626666666666666 0.059650000000000036 0.06129999999999995
4 0.7772249999999999 0.2759 0.06927500000000009 0.07106666666666664
5 0.934275 0.26366666666666666 0.08599999999999994 0.08523333333333331
5 0.8614 0.029333333333333336 0.06392500000000012 0.041133333333333334
5 0.85265 0.13520000000000001 0.06219999999999999 0.04579999999999998
5 0.7752249999999999 0.18656666666666666 0.07319999999999993 0.05386666666666665
5 0.678025 0.19343333333333335 0.07352499999999992 0.050033333333333325
5 0.96735 0.5508333333333333 0.06530000000000001 0.09116666666666674
5 0.654125 0.41350000000000003 0.07832500000000003 0.08316666666666668
5 0.525775 0.6611 0.08477499999999992 0.0801000000000001
5 0.5938 0.7390333333333333 0.09980000000000004 0.07106666666666664
5 0.5141 0.07593333333333334 0.08247500000000002 0.06413333333333332
5 0.29095 0.013166666666666667 0.06777500000000003 0.026299999999999997
5 0.2443 0.18213333333333334 0.069225 0.05896666666666666
5 0.017025 0.23676666666666668 0.03405 0.052466666666666675
5 0.0378 0.286 0.06675 0.0526666666666667
5 0.082975 0.4063333333333334 0.1018 0.07580000000000003
5 0.09065 0.7036666666666667 0.08035 0.04946666666666658
5 0.137025 0.6442666666666667 0.04677500000000002 0.046433333333333354
5 0.026375000000000003 0.7783666666666667 0.0518 0.07953333333333337
5 0.2796 0.41386666666666666 0.08982500000000002 0.06283333333333337
5 0.50095 0.3518 0.07197500000000005 0.057966666666666715
5 0.499825 0.19226666666666664 0.08552499999999995 0.06873333333333333
7 0.055725 0.19196666666666667 0.11047499999999999 0.2541333333333334
7 0.13329999999999997 0.13043333333333337 0.11827499999999999 0.2117666666666667
7 0.29432499999999995 0.2209666666666667 0.14295 0.24893333333333337
7 0.555775 0.2192 0.04739999999999995 0.13666666666666666
7 0.365 0.055 0.08 0.11
7 0.5312250000000001 0.07013333333333333 0.12992500000000007 0.13676666666666668
7 0.67765 0.0902 0.12012499999999995 0.1769
7 0.982475 0.09016666666666666 0.035049999999999956 0.17333333333333334
7 0.8577750000000001 0.2970333333333333 0.09087500000000005 0.13446666666666668
7 0.9259000000000001 0.5008 0.14819999999999994 0.2577333333333333
7 0.9375 0.8233333333333334 0.125 0.35333333333333333
7 0.7814749999999999 0.48146666666666665 0.1725 0.3313666666666666
7 0.642275 0.3565333333333333 0.09147500000000008 0.11310000000000002
7 0.6744249999999999 0.7009666666666666 0.15840000000000004 0.3282333333333332
7 0.602275 0.9368333333333334 0.19042500000000004 0.12629999999999997
7 0.49329999999999996 0.8484333333333334 0.09090000000000004 0.15653333333333327
7 0.38337499999999997 0.9842 0.15262500000000004 0.03156666666666676
7 0.29635 0.7062333333333334 0.12332500000000003 0.32123333333333337
7 0.0842 0.6235666666666666 0.16215 0.22956666666666667
7 0.17434999999999998 0.7985666666666666 0.08195000000000001 0.0673333333333333
7 0.127225 0.9078333333333334 0.14295000000000002 0.18433333333333327
7 0.048150000000000005 0.9701666666666667 0.09532500000000001 0.05963333333333329
5 0.37705 0.8448666666666667 0.07420000000000002 0.05813333333333333
8 0.36975 0.0969 0.09379999999999995 0.19030000000000002
8 0.21817499999999998 0.07263333333333333 0.07482500000000002 0.14176666666666668
8 0.30215 0.19286666666666666 0.20857499999999998 0.3822666666666667
8 0.13449999999999998 0.1589 0.13119999999999998 0.3178
8 0.07425 0.19163333333333335 0.147525 0.3832666666666667
8 0.017875000000000002 0.29006666666666664 0.035725 0.17313333333333333
8 0.04 0.39666666666666667 0.08 0.2733333333333333
8 0.11737500000000001 0.5858666666666666 0.2285 0.4348666666666668
8 0.18175 0.8114 0.16255000000000003 0.3772000000000001
8 0.15164999999999998 0.8386 0.215475 0.3227999999999999
8 0.056875 0.8675333333333333 0.112775 0.2649000000000001
8 0.241875 0.35573333333333335 0.20385000000000006 0.4167333333333333
8 0.28125 0.6866666666666666 0.2175 0.6266666666666667
8 0.37534999999999996 0.9061333333333332 0.19182500000000005 0.18773333333333342
8 0.605375 0.8526333333333334 0.27559999999999996 0.2947333333333334
8 0.49825 0.7807666666666666 0.1508 0.3194333333333333
8 0.480675 0.5406666666666666 0.19987499999999997 0.4392
8 0.478425 0.3867 0.22432500000000005 0.47163333333333335
8 0.50695 0.19563333333333333 0.18924999999999997 0.3070333333333334
8 0.51745 0.10329999999999999 0.19972499999999996 0.20659999999999998
8 0.679875 0.1311 0.19300000000000003 0.2622
8 0.668125 0.32393333333333335 0.16422500000000007 0.30396666666666666
8 0.6775 0.685 0.23 0.63
8 0.8759 0.75 0.24819999999999992 0.5
8 0.9013249999999999 0.43310000000000004 0.19735000000000014 0.42060000000000003
8 0.784125 0.5642333333333334 0.18569999999999992 0.8196666666666668
8 0.856225 0.24086666666666667 0.11672500000000013 0.2677
8 0.800375 0.07203333333333334 0.06822499999999991 0.14403333333333335
8 0.8553000000000001 0.12693333333333331 0.14382499999999993 0.2398333333333334
8 0.9352750000000001 0.04573333333333334 0.03275000000000006 0.09143333333333334
8 0.9675 0.12833333333333333 0.065 0.25666666666666665