8 0.7224250000000001 0.2975 0.052750000000000054 0.30810000000000004
8 0.7814749999999999 0.2633 0.04692499999999995 0.28314999999999996
8 0.606725 0.57175 0.301775 0.8565
8 0.32125 0.5725 0.2975 0.855
8 0.11967499999999999 0.53585 0.22114999999999999 0.92825
6 0.1646 0.2691 0.06317500000000001 0.09469999999999999
5 0.147975 0.102 0.09297499999999999 0.08664999999999999
5 0.381075 0.22644999999999998 0.14612499999999998 0.15285
5 0.6135 0.20934999999999998 0.13487499999999997 0.14045000000000002
5 0.713475 0.15425 0.013125 0.02155000000000001
5 0.780175 0.13195 0.016074999999999874 0.020450000000000017
7 0.781875 0.19820000000000002 0.03469999999999999 0.08769999999999997
7 0.71525 0.2465 0.031875 0.1104
7 0.6035499999999999 0.77825 0.19760000000000005 0.44349999999999995
7 0.341525 0.79675 0.22137500000000002 0.4065000000000001
7 0.12425000000000001 0.6147500000000001 0.16725 0.5991000000000001
4 0.39027500000000004 0.49335 0.13192499999999996 0.22579999999999997
4 0.641375 0.44395 0.10805000000000006 0.18784999999999996