10 0.6652100000000001 0.61132 0.08753500000000008 0.14814999999999995
10 0.410295 0.34672000000000003 0.13300750000000006 0.24448000000000003
10 0.73988 0.2843733333333333 0.14332999999999993 0.26160666666666665
10 0.4748 0.7329766666666666 0.05724249999999995 0.11419333333333331
10 0.58463 0.8408066666666667 0.033747499999999944 0.0764333333333334
10 0.5673674999999999 0.8854666666666667 0.027197499999999993 0.07236333333333338
10 0.6046575000000001 0.80423 0.036960000000000034 0.0859966666666666
10 0.5861725 0.9276366666666667 0.028069999999999935 0.0840633333333332
10 0.467625 0.83864 0.039652500000000035 0.07398333333333328
10 0.6193925 0.73428 0.05826749999999993 0.11138666666666662
10 0.462625 0.6145466666666667 0.07748500000000001 0.15535666666666673
10 0.48318 0.8779566666666666 0.027940000000000055 0.06257666666666652
10 0.49975 0.9228933333333332 0.023580000000000042 0.07578666666666656
10 0.5049175 0.9453299999999999 0.021414999999999965 0.07065666666666676