6 0.5081562500000001 0.5979583333333333 0.13254687500000006 0.10912499999999999
6 0.336125 0.35089583333333335 0.020265625000000044 0.017770833333333277
6 0.00625 0.440625 0.0125 0.03958333333333333
5 0.009828124999999998 0.36929166666666663 0.019640625000000002 0.04412500000000001
5 0.17781249999999998 0.2674375 0.029156249999999995 0.024479166666666666
5 0.333984375 0.31333333333333335 0.034218749999999964 0.025979166666666723
5 0.499015625 0.28862499999999996 0.18717187499999993 0.13977083333333332
8 0.6194843750000001 0.32914583333333336 0.05831250000000008 0.10618750000000006
8 0.33910937499999994 0.4354166666666667 0.125171875 0.27362500000000006
8 0.18467187499999999 0.38960416666666664 0.07931249999999998 0.2826666666666667
8 0.040625 0.475 0.08125 0.25833333333333336
8 0.5140625 0.609375 0.58125 0.78125
7 0.5203125 0.8104166666666667 0.35625 0.37916666666666665
7 0.025453125 0.5127291666666667 0.05090625 0.10187499999999995
7 0.18015624999999996 0.4031666666666667 0.05985937499999998 0.15354166666666663
7 0.34146875 0.3681875 0.059578124999999996 0.05235416666666666
4 0.17384375000000002 0.3028125 0.023828125 0.018833333333333376