5 0.1199375 0.20630555555555555 0.07164062499999999 0.07925
2 0.284125 0.19544444444444445 0.08529687499999997 0.09330555555555556
2 0.54909375 0.11380555555555555 0.083984375 0.09269444444444445
2 0.8200312500000001 0.13483333333333333 0.09237499999999992 0.09508333333333334
6 0.816640625 0.2475 0.04985937500000004 0.05055555555555553
6 0.5489531249999999 0.23116666666666666 0.05245312500000008 0.057583333333333306
6 0.30065624999999996 0.32352777777777775 0.05362499999999999 0.05577777777777773
6 0.11937500000000001 0.32213888888888886 0.045953125 0.05299999999999996
11 0.10882812500000001 0.45883333333333337 0.16550000000000004 0.34625
7 0.29121874999999997 0.46761111111111114 0.112890625 0.26858333333333334
11 0.5550312500000001 0.44255555555555554 0.19184374999999995 0.4208611111111111
7 0.825015625 0.4697777777777778 0.16482812500000002 0.42763888888888885
8 0.7888437500000001 0.5436388888888889 0.293375 0.9126944444444445
8 0.535921875 0.5337222222222222 0.2853125 0.9325277777777778
8 0.3046875 0.5666666666666667 0.221875 0.8666666666666667
8 0.1 0.5805555555555556 0.196875 0.8388888888888889
1 0.28096875 0.6649166666666667 0.07004687499999998 0.12747222222222218
1 0.324359375 0.6631388888888889 0.04967187500000003 0.13583333333333336