6 0.48645424836601303 0.32900428921568625 0.0768014705882352 0.036069240196078434
6 0.20165849673202615 0.3492677696078431 0.08727124183006535 0.02757965686274509
6 0.774750816993464 0.2824080882352941 0.08966911764705873 0.03478860294117646
2 0.7837581699346405 0.18427083333333336 0.16895833333333338 0.07749080882352943
2 0.4892116013071895 0.2382261029411765 0.15584558823529407 0.0751041666666667
2 0.19273692810457516 0.27067401960784315 0.1388725490196078 0.06953125000000002
11 0.1914501633986928 0.5124356617647059 0.2547630718954248 0.2620036764705882
11 0.4850816993464052 0.4790042892156863 0.2823856209150326 0.2472212009803921
11 0.7997058823529412 0.46102634803921566 0.3193218954248367 0.29399203431372556
8 0.17888480392156864 0.6148897058823529 0.3195016339869281 0.7702205882352942
8 0.47171977124183007 0.5957414215686274 0.3414460784313726 0.8085171568627451
8 0.8087908496732027 0.5704656862745098 0.3824183006535947 0.8590686274509803