8 0.1741041666666667 0.576572972972973 0.29411805555555554 0.8468432432432434
8 0.3827152777777778 0.5952432432432433 0.1511527777777778 0.5886702702702703
8 0.46574999999999994 0.32592432432432433 0.03250694444444441 0.08968648648648653
8 0.3766597222222222 0.33435675675675675 0.014041666666666685 0.05609729729729728
7 0.37575000000000003 0.34690810810810807 0.014534722222222267 0.030745945945946006
7 0.4691458333333334 0.34402162162162164 0.013833333333333383 0.03218378378378377
5 0.4650138888888889 0.28847567567567567 0.024083333333333377 0.025589189189189177
5 0.3752430555555556 0.32263783783783784 0.01584027777777774 0.018248648648648644
5 0.0998125 0.1856648648648649 0.13164583333333332 0.09024864864864866
5 0.4159791666666667 0.33881081081081077 0.08573611111111114 0.07941621621621625
5 0.4804375 0.4122594594594594 0.10122916666666665 0.08938378378378373
5 0.6241875 0.2952756756756757 0.02993055555555549 0.03198918918918922
5 0.6293263888888889 0.40033513513513513 0.0911388888888889 0.07994594594594599
5 0.7006249999999999 0.27035675675675674 0.027708333333333317 0.025394594594594574
5 0.803375 0.18174054054054056 0.14756944444444445 0.1472540540540541
5 0.8991319444444444 0.36181621621621624 0.028888888888888825 0.03534054054054048
5 0.8731319444444444 0.3434702702702703 0.03013888888888895 0.056302702702702746
5 0.9247222222222221 0.34924324324324324 0.033784722222222285 0.02820540540540544
4 0.9212916666666667 0.3868108108108108 0.01534722222222216 0.02046486486486481
4 0.7036388888888889 0.317145945945946 0.024486111111111184 0.036086486486486484
4 0.7544930555555556 0.3597945945945946 0.09379166666666663 0.15741621621621624
4 0.620638888888889 0.33634594594594597 0.0205208333333333 0.024043243243243254
4 0.6372638888888889 0.4883351351351351 0.05609027777777777 0.07937297297297292
4 0.4029166666666667 0.43224864864864865 0.057298611111111106 0.08611891891891889
4 0.08843055555555555 0.37151351351351347 0.11119444444444444 0.1304108108108108
4 0.4524236111111111 0.5280648648648649 0.07529166666666672 0.10838918918918924
7 0.17076388888888888 0.6935783783783783 0.22956944444444444 0.6051675675675675
7 0.3688819444444445 0.6486054054054055 0.10034027777777778 0.3602810810810811
7 0.4522361111111111 0.796627027027027 0.19760416666666664 0.39325405405405406
7 0.6108888888888888 0.7180756756756757 0.14454166666666673 0.4019027027027027
7 0.8005277777777777 0.6972972972972973 0.28770138888888885 0.6054054054054054
7 0.6888333333333333 0.3864540540540541 0.034229166666666644 0.06660540540540542
7 0.9504097222222222 0.4131027027027027 0.024965277777777652 0.03700540540540542