4 0.21246874999999998 0.13542222222222222 0.028343750000000015 0.05232222222222224
4 0.39700625 0.09794444444444445 0.03491874999999993 0.04404444444444443
4 0.74355 0.17843333333333333 0.019668749999999874 0.04575555555555556
4 0.59750625 0.17824444444444443 0.03174999999999997 0.04536666666666665
5 0.15678124999999998 0.08846666666666667 0.008631250000000002 0.013977777777777792
5 0.20270624999999998 0.08891111111111111 0.042149999999999965 0.0333888888888889
5 0.39923125 0.041466666666666666 0.047693749999999965 0.04591111111111112
5 0.5960562500000001 0.12301111111111108 0.045518749999999955 0.038611111111111096
5 0.7739437499999999 0.10243333333333333 0.06170625000000001 0.05301111111111112
7 0.15516875 0.11973333333333334 0.015824999999999995 0.03947777777777778
7 0.20208749999999998 0.26283333333333336 0.09090624999999998 0.19234444444444446
7 0.3906 0.27290000000000003 0.08668125000000003 0.27542222222222223
7 0.5997437500000001 0.312 0.08830625000000004 0.2129
7 0.8008375 0.3416888888888889 0.10508125000000007 0.32412222222222226
8 0.8520749999999999 0.5661777777777778 0.24297499999999986 0.7434555555555555
5 0.84876875 0.23703333333333335 0.03843124999999986 0.05554444444444445
8 0.8157062500000001 0.5370333333333334 0.31189374999999986 0.9259222222222223
1 0.6049125 0.4132 0.019481250000000047 0.0375111111111111
1 0.5880937500000001 0.4096111111111111 0.021256249999999994 0.04514444444444444
1 0.387025 0.3326777777777778 0.029537499999999994 0.04683333333333331
1 0.38506250000000003 0.34509999999999996 0.03394999999999996 0.07167777777777777
1 0.22103750000000003 0.4067222222222222 0.026724999999999995 0.048366666666666634
1 0.18541875000000002 0.3949777777777778 0.030493749999999976 0.05661111111111116
8 0.15613749999999998 0.12875555555555554 0.021918750000000015 0.09824444444444447
8 0.19870000000000002 0.3893444444444445 0.11538125 0.6453666666666668
8 0.38278125 0.35232222222222226 0.13146874999999997 0.6750111111111111
8 0.61150625 0.4124222222222223 0.13058125000000004 0.6211333333333333