4 0.4031666666666667 0.5364427083333333 0.15591666666666665 0.08677604166666673
4 0.15462962962962962 0.48948958333333337 0.07860185185185184 0.06579166666666664
4 0.24102777777777779 0.4310625 0.08472222222222223 0.07046354166666664
4 0.7153796296296296 0.4760260416666667 0.1445462962962962 0.052749999999999984
4 0.8808703703703704 0.4659739583333333 0.1668888888888889 0.06041666666666667
5 0.6986018518518519 0.5871302083333333 0.1356759259259259 0.028421875000000086
5 0.6886759259259259 0.3827760416666666 0.23927777777777784 0.07805729166666672
5 0.878138888888889 0.35718229166666665 0.19845370370370374 0.07894791666666663
5 0.3445462962962963 0.42247395833333334 0.2423796296296296 0.0810572916666666
5 0.27021296296296293 0.346921875 0.11839814814814816 0.06189583333333329
5 0.09772222222222221 0.3569375 0.19543518518518518 0.07498437500000002
8 0.0978425925925926 0.4707395833333333 0.19341666666666665 0.2991197916666666
8 0.2371759259259259 0.384375 0.13875 0.1368072916666667
8 0.29775925925925917 0.5531979166666667 0.59325 0.3459791666666667
8 0.6918148148148148 0.4090260416666667 0.2393796296296296 0.14790625000000002
8 0.7162037037037037 0.51875 0.5675925925925925 0.409375