3 0.9624375000000001 0.8084166666666666 0.07512499999999989 0.07690277777777763
23 0.45153125000000005 0.5097083333333333 0.07621093749999996 0.1305277777777778
23 0.608609375 0.4946111111111111 0.08489843750000006 0.07948611111111113
3 0.516 0.7452083333333333 0.13203125 0.13127777777777774
11 0.5307421875 0.46147222222222223 0.08785937500000003 0.23644444444444446
11 0.3314765625 0.43825000000000003 0.056523437500000016 0.15427777777777785
1 0.3355859375 0.4575694444444444 0.02567187500000001 0.03616666666666662
1 0.3357109375 0.22577777777777777 0.009187499999999993 0.024875000000000036
1 0.49839062500000003 0.12330555555555556 0.02092187499999998 0.03681944444444443
1 0.532078125 0.13109722222222223 0.023570312500000058 0.05981944444444443
6 0.5315624999999999 0.32398611111111114 0.026999999999999958 0.03880555555555555
6 0.32321093749999996 0.3350138888888889 0.006507812500000032 0.023194444444444427
2 0.33723437500000003 0.30295833333333333 0.04124218749999997 0.06027777777777775
2 0.5271250000000001 0.26080555555555557 0.037093750000000016 0.051361111111111135
8 0.5195859375 0.5280416666666667 0.10640625000000004 0.8523750000000001
8 0.33790624999999996 0.5112916666666667 0.06335156250000003 0.5989861111111111