1 0.41331249999999997 0.16555555555555557 0.03230468749999997 0.05887500000000002
1 0.3850234375 0.19084722222222222 0.02728906249999996 0.053916666666666654
1 0.3749296875 0.3769027777777778 0.021164062500000025 0.04268055555555558
1 0.3452890625 0.30233333333333334 0.015007812500000028 0.05188888888888891
22 0.5711796875 0.5046111111111111 0.07615625000000001 0.14255555555555555
20 0.6510625 0.49644444444444447 0.0921875 0.07899999999999999
11 0.5068984375000001 0.4834861111111111 0.09290625000000005 0.2697361111111112
11 0.3791875 0.4515277777777778 0.05311718750000001 0.16972222222222227
2 0.49673437500000006 0.2725416666666666 0.049148437500000065 0.07563888888888887
2 0.3928203125 0.3123888888888889 0.020999999999999998 0.04143055555555553
8 0.37267968749999997 0.5415555555555556 0.07134374999999996 0.5303333333333333
8 0.4686640625 0.559875 0.19613281249999998 0.8558611111111112