10 0.2814609375 0.24259722222222221 0.009218749999999965 0.04213888888888885
20 0.055546874999999996 0.19759722222222223 0.0448984375 0.06601388888888891
19 0.396109375 0.23963888888888887 0.11664062499999997 0.16677777777777775
22 0.6233515625 0.21902777777777777 0.24456249999999996 0.2422083333333333
22 0.86146875 0.24513888888888888 0.27705468750000006 0.24443055555555557
20 0.9149843750000001 0.5415833333333333 0.1700234375000001 0.6345555555555555
1 0.160984375 0.3179722222222222 0.013578124999999996 0.01790277777777776
11 0.20421874999999998 0.24854166666666666 0.07348437499999998 0.15956944444444443
2 0.20671875 0.12597222222222224 0.03630468750000002 0.06998611111111114
6 0.206578125 0.17362500000000003 0.02352343750000001 0.017625000000000016
8 0.203953125 0.33069444444444446 0.102640625 0.48501388888888886