23 0.25540625 0.5659305555555556 0.03110937500000004 0.028111111111111125
23 0.32115625 0.5444583333333333 0.028109375000000013 0.023680555555555493
23 0.2942734375 0.5560555555555555 0.025960937500000014 0.021319444444444478
15 0.5611015625 0.5317083333333333 0.026398437499999972 0.028861111111111074
23 0.5342578125 0.5428472222222223 0.02865625000000005 0.026333333333333382
15 0.9908046875000001 0.5625555555555556 0.018390624999999973 0.050055555555555506
23 0.9205390625 0.48791666666666667 0.013328124999999958 0.013402777777777746
1 0.5815859375 0.6734027777777778 0.0072265625 0.02144444444444452
6 0.591171875 0.5928888888888889 0.00736718750000005 0.01001388888888894
2 0.5921875 0.5747083333333334 0.016710937500000078 0.03050000000000005
8 0.5845546875000001 0.6642777777777777 0.03269531249999993 0.20963888888888896
7 0.45836718750000005 0.5622083333333333 0.021984375000000077 0.052055555555555584
2 0.4572890625 0.5223194444444444 0.01353124999999995 0.018958333333333303
8 0.4569453125 0.6017916666666667 0.033937500000000044 0.1807916666666666