3 0.45739843750000003 0.42851388888888886 0.1438828125 0.8570277777777777
11 0.4156015625 0.010611111111111111 0.03732031249999999 0.021222222222222222
8 0.4148515625 0.07309722222222223 0.10489062499999999 0.14619444444444446
11 0.1860390625 0.4553333333333333 0.09382031250000003 0.3112638888888889
11 0.5598359375 0.5412777777777779 0.14486718750000005 0.20388888888888881
2 0.44649218749999997 0.4833888888888889 0.06291406249999998 0.12468055555555553
2 0.22088281250000003 0.23405555555555557 0.07221875000000003 0.10116666666666663
6 0.2185546875 0.3094166666666667 0.02315624999999999 0.032583333333333304
6 0.4748984375 0.5353888888888889 0.018570312499999984 0.03129166666666663
8 0.536203125 0.6405972222222223 0.2450390624999999 0.4371805555555555
8 0.2000078125 0.51925 0.1123046875 0.6773888888888889