22 0.79578125 0.5562222222222223 0.210359375 0.15536111111111112
20 0.9475703125000001 0.5543055555555556 0.10485156250000002 0.09344444444444441
1 0.556359375 0.2922083333333333 0.018445312499999922 0.036430555555555584
1 0.59034375 0.2942916666666667 0.02107031250000002 0.05322222222222221
1 0.63025 0.19854166666666664 0.03270312499999992 0.04618055555555556
1 0.5825234375 0.22279166666666667 0.03667968750000004 0.01881944444444446
2 0.6444062500000001 0.32625 0.056757812500000074 0.09901388888888892
6 0.615328125 0.3620555555555556 0.019906250000000014 0.062486111111111124
2 0.5660546875 0.35744444444444445 0.02789843750000003 0.048208333333333346
11 0.5706640625 0.48168055555555556 0.052734375 0.16790277777777776
11 0.6189921875 0.5454861111111111 0.10678125000000005 0.28794444444444434
8 0.62053125 0.5915416666666667 0.11270312499999999 0.8169166666666666
8 0.57365625 0.5495833333333333 0.07576562500000002 0.5612916666666666