23 0.0461875 0.6321944444444445 0.092375 0.22591666666666663
15 0.12446874999999999 0.8402777777777778 0.23646874999999995 0.3194444444444444
3 0.239546875 0.43720833333333337 0.060562499999999984 0.3531805555555555
3 0.39542968749999996 0.6801111111111112 0.14714062499999997 0.5742777777777779
3 0.522109375 0.8382361111111111 0.09166406249999995 0.32352777777777786
2 0.295984375 0.878263888888889 0.010914062500000021 0.024486111111111264
11 0.2923046875 0.8976249999999999 0.01780468749999997 0.05177777777777774
8 0.2938046875 0.9159444444444444 0.025859375000000018 0.10068055555555556
2 0.6151015625 0.4414166666666667 0.016367187500000036 0.02922222222222217
1 0.5982578125 0.46138888888888885 0.006320312499999936 0.010611111111111092
8 0.613796875 0.4511666666666666 0.03529687500000005 0.06823611111111111
7 0.6195625 0.43516666666666665 0.01810937500000005 0.03549999999999993
2 0.18949218750000002 0.4737222222222222 0.008945312499999991 0.013333333333333365
11 0.192765625 0.49919444444444444 0.016570312500000007 0.03455555555555555
8 0.192890625 0.5146666666666667 0.026992187500000007 0.09845833333333331
6 0.190890625 0.48454166666666665 0.004835937499999998 0.005263888888888838
2 0.0161640625 0.46655555555555556 0.007484374999999999 0.01129166666666666
8 0.025234374999999996 0.4834027777777778 0.025984374999999994 0.04433333333333327
7 0.028875 0.4783611111111111 0.015828125000000005 0.023277777777777765