8 0.6515677083333333 0.6631296296296296 0.01615104166666678 0.02778703703703703
11 0.6547135416666666 0.6654166666666667 0.008015624999999934 0.019249999999999965
15 0.6353697916666667 0.680962962962963 0.1582708333333334 0.2835833333333333
18 0.8160364583333333 0.28588888888888886 0.11092708333333334 0.14276851851851854
23 0.72078125 0.3178333333333333 0.08976562499999995 0.06274074074074074
23 0.642046875 0.30686111111111114 0.08203645833333345 0.05701851851851856
23 0.37558854166666666 0.3124351851851852 0.06083854166666664 0.05195370370370372
23 0.4162135416666667 0.3171203703703704 0.07958333333333331 0.06132407407407409
12 0.15043229166666666 0.26685185185185184 0.2485364583333333 0.10547222222222219
15 0.3944947916666666 0.4001944444444444 0.058937500000000045 0.09089814814814812
0 0.49814583333333334 0.39708333333333334 0.4168697916666666 0.4264444444444444
11 0.09583333333333334 0.3220092592592592 0.013703125000000002 0.035555555555555535
8 0.09517708333333334 0.3257037037037037 0.016109375000000002 0.06740740740740736
8 0.10280208333333334 0.3618240740740741 0.014250000000000007 0.01994444444444441
11 0.10318229166666668 0.3653611111111111 0.012989583333333332 0.012851851851851847
2 0.09678125 0.2979537037037037 0.0070468749999999854 0.00926851851851851
2 0.10553125000000001 0.35547222222222224 0.006307291666666674 0.006574074074074095
2 0.15045833333333333 0.34976851851851853 0.006229166666666686 0.008249999999999971
2 0.17862499999999998 0.3207777777777778 0.007411458333333343 0.009277777777777762
7 0.20055208333333333 0.36058333333333337 0.01285416666666664 0.0353148148148148
5 0.20009375000000001 0.32952777777777775 0.0075677083333333195 0.008916666666666663
8 0.19763020833333333 0.3592037037037037 0.01938541666666668 0.06892592592592588
11 0.17561458333333332 0.3446944444444444 0.016380208333333358 0.030722222222222175
11 0.15869270833333332 0.3622592592592593 0.011817708333333362 0.018805555555555506
8 0.15774479166666666 0.3593148148148148 0.01977604166666668 0.026935185185185215
8 0.174375 0.34575925925925927 0.019255208333333346 0.0628796296296296
11 0.19083854166666667 0.37815740740740744 0.008265625000000002 0.014583333333333334
8 0.19013541666666667 0.3713425925925926 0.010234374999999988 0.029962962962962976