11 0.163265625 0.2878611111111111 0.03282031249999999 0.07359722222222223
2 0.278921875 0.19006944444444443 0.01635156249999996 0.027958333333333328
6 0.2756328125 0.20227777777777775 0.008085937500000018 0.01765277777777775
6 0.1730625 0.24569444444444447 0.01109374999999999 0.013194444444444444
2 0.1706484375 0.22830555555555554 0.022453125000000008 0.021083333333333343
1 0.190109375 0.33425 0.007804687500000007 0.016708333333333294
1 0.2809375 0.24620833333333333 0.005132812500000039 0.008180555555555536
1 0.26677343750000004 0.2548333333333333 0.007210937500000014 0.014180555555555528
11 0.254171875 0.22279166666666667 0.033109374999999996 0.06495833333333331
2 0.7499921875 0.10177777777777777 0.017148437500000037 0.0331388888888889
2 0.659890625 0.10520833333333333 0.019374999999999965 0.031736111111111104
11 0.7475078125 0.14431944444444444 0.023148437500000084 0.06040277777777779
11 0.6815859375 0.1688055555555556 0.05093750000000004 0.09287500000000003
1 0.6463281249999999 0.21644444444444444 0.012515624999999985 0.03348611111111113
8 0.745671875 0.16280555555555556 0.035531250000000014 0.15745833333333334
8 0.6846875 0.2308888888888889 0.09041406250000002 0.2843055555555556
8 0.261046875 0.2528611111111111 0.05128906249999998 0.15848611111111113
8 0.18115625 0.3307777777777778 0.06946093749999997 0.22790277777777773