2 0.7788515625 0.9771805555555556 0.03607812500000005 0.04563888888888875
1 0.7478046875000001 0.6892083333333333 0.013257812500000021 0.02226388888888885
1 0.7640859375 0.6376388888888889 0.016249999999999966 0.023305555555555517
6 0.7471484375 0.6125555555555556 0.009156250000000022 0.026708333333333358
2 0.7330390625 0.6027361111111111 0.0177734375 0.04375
2 0.310640625 0.19905555555555554 0.025999999999999978 0.0330416666666667
2 0.58771875 0.230375 0.02546874999999993 0.038124999999999985
11 0.7710234375 0.6429305555555556 0.05035156250000004 0.11640277777777785
8 0.7606484375 0.7197083333333334 0.07178906250000008 0.2796805555555555
1 0.5665312499999999 0.35181944444444446 0.014023437500000036 0.03837499999999999
1 0.602640625 0.3562916666666666 0.008125000000000071 0.03480555555555552
11 0.5806953125 0.30040277777777774 0.03532031250000003 0.08554166666666663
6 0.5870078125 0.260375 0.010445312499999915 0.01381944444444443
8 0.580671875 0.3477638888888889 0.05090625000000006 0.2760833333333333
1 0.32921875 0.3579444444444445 0.009796874999999972 0.03137500000000001
1 0.306015625 0.33093055555555556 0.015281249999999958 0.028930555555555532
6 0.309609375 0.2306388888888889 0.010749999999999992 0.015847222222222256
11 0.3062890625 0.28504166666666664 0.03927343749999999 0.11472222222222217
8 0.3055 0.3236527777777778 0.05692187500000001 0.2827222222222222