1 0.592859375 0.5045138888888889 0.033523437500000065 0.060611111111111095
1 0.4878671875 0.4513333333333333 0.030539062499999936 0.033388888888888836
1 0.43117968749999996 0.462125 0.026539062500000023 0.040263888888888905
2 0.6158046875000001 0.1324722222222222 0.06491406249999994 0.0966527777777778
2 0.4729453125 0.18661111111111112 0.057679687499999945 0.0872777777777778
11 0.43792187499999996 0.36540277777777774 0.09700781250000001 0.2569444444444444
11 0.643734375 0.35056944444444443 0.09963281249999997 0.28936111111111107
6 0.46898437499999995 0.262875 0.02796093749999997 0.031374999999999965
6 0.608703125 0.21081944444444442 0.023843749999999986 0.0342222222222222
8 0.6335 0.4696666666666667 0.11799218749999998 0.7782361111111111
8 0.44065624999999997 0.49909722222222225 0.12293750000000006 0.7120833333333334