2 0.4954921875 0.21193055555555557 0.05266406250000007 0.09845833333333331
2 0.6066640624999999 0.14430555555555558 0.06296093749999994 0.08224999999999998
6 0.5995468749999999 0.2262222222222222 0.019703125000000023 0.031805555555555524
6 0.48324999999999996 0.2788888888888889 0.01478906250000005 0.03000000000000003
1 0.446640625 0.5013333333333333 0.03531250000000004 0.04236111111111111
1 0.49705468750000004 0.4914583333333334 0.026765624999999994 0.03847222222222228
1 0.597046875 0.5355555555555556 0.03479687499999997 0.06316666666666669
11 0.44958593750000003 0.3884166666666667 0.10816406250000003 0.2768194444444445
11 0.6507968749999999 0.3661944444444445 0.10881249999999998 0.2958888888888888
8 0.6412578124999999 0.5107222222222223 0.134375 0.8190694444444445
8 0.4520625 0.5023888888888889 0.1376796875 0.6912916666666666