3 0.964265625 0.8196111111111111 0.07146875000000001 0.07356944444444448
20 0.5975078125 0.50425 0.09222656249999997 0.07666666666666673
22 0.4564375 0.5137222222222222 0.19928125 0.12341666666666669
2 0.34762499999999996 0.3217083333333333 0.028531249999999987 0.04240277777777774
2 0.5076015625 0.28380555555555553 0.05303906250000008 0.06759722222222224
1 0.53171875 0.19055555555555553 0.025984374999999994 0.0452361111111111
1 0.4564296875 0.19718055555555555 0.04728124999999998 0.03326388888888887
1 0.32999999999999996 0.24758333333333332 0.014593749999999961 0.0330416666666667
1 0.281703125 0.42795833333333333 0.017429687499999957 0.030166666666666706
11 0.330625 0.4504444444444444 0.06271093749999998 0.1483611111111112
11 0.501265625 0.4932916666666667 0.10001562499999998 0.2618472222222222
6 0.3418046875 0.35925 0.0232421875 0.024055555555555587
8 0.4928671875 0.5665694444444445 0.12571875000000005 0.7998194444444444
8 0.3195234375 0.5178055555555555 0.08979687500000004 0.5757222222222221