1 0.4662265625 0.4870555555555556 0.029945312499999942 0.04986111111111108
1 0.3991953125 0.42965277777777783 0.027984374999999995 0.031013888888888945
1 0.34428125 0.4418611111111111 0.03747656250000002 0.03777777777777784
6 0.48238281250000004 0.21463888888888888 0.011125000000000006 0.04038888888888887
6 0.3553828125 0.25654166666666667 0.025578125000000007 0.02822222222222221
2 0.35625 0.18269444444444444 0.05430468749999999 0.06994444444444446
2 0.489171875 0.1509861111111111 0.05878125000000001 0.08986111111111114
11 0.508984375 0.3582638888888889 0.09698437500000008 0.27461111111111114
11 0.3399375 0.3644861111111111 0.09554687499999996 0.23148611111111106
8 0.5146875 0.4824305555555556 0.1272421874999999 0.7565277777777778
8 0.3490546875 0.4541527777777778 0.12565625000000002 0.6138611111111112