4 0.41515625 0.23336111111111113 0.025156250000000036 0.036166666666666694
4 0.389484375 0.23969444444444446 0.011554687499999971 0.01179166666666668
4 0.31153125 0.3249444444444445 0.024921874999999982 0.052680555555555564
4 0.13946875 0.23458333333333334 0.024554687500000005 0.03166666666666668
2 0.138375 0.19475 0.034078125 0.049222222222222216
2 0.2172421875 0.18991666666666668 0.03426562500000001 0.04881944444444443
2 0.313046875 0.27958333333333335 0.04357812499999998 0.06841666666666665
2 0.48539843749999995 0.26483333333333337 0.04193750000000005 0.07131944444444448
2 0.41674218749999997 0.18097222222222223 0.03353125000000001 0.04944444444444446
2 0.392140625 0.20770833333333336 0.02338281249999996 0.04272222222222221
11 0.4168984375 0.2779722222222222 0.07810937500000001 0.07909722222222221
11 0.544328125 0.3840833333333334 0.08167187499999998 0.19872222222222227
11 0.251625 0.38640277777777776 0.09521874999999999 0.18716666666666665
11 0.2122421875 0.33173611111111106 0.08546093749999999 0.16579166666666664
11 0.1316171875 0.3146527777777778 0.08177343750000002 0.15941666666666662
8 0.13025 0.38798611111111114 0.097265625 0.438
8 0.2137890625 0.3977083333333334 0.08725781250000002 0.4690416666666667
8 0.26272656250000004 0.4763194444444444 0.14476562500000004 0.46652777777777776
8 0.377578125 0.25552777777777774 0.04764843749999996 0.13375
8 0.40786718750000006 0.23994444444444443 0.10171875000000004 0.1720277777777778
8 0.5253515625 0.43404166666666666 0.12053906249999997 0.4120555555555556