8 0.41946874999999995 0.48244444444444445 0.07067187500000002 0.20238888888888892
8 0.5654453125 0.4760972222222222 0.06706249999999994 0.21309722222222216
23 0.9196249999999999 0.6398472222222222 0.16075000000000017 0.32413888888888887
8 0.887546875 0.7130277777777778 0.03792968750000014 0.12790277777777775
6 0.8879296875 0.6970277777777778 0.008828125000000141 0.014652777777777714
2 0.893328125 0.6675555555555556 0.0265625 0.03695833333333335
7 0.4068203125 0.4378888888888888 0.025507812500000025 0.0450416666666666
7 0.5767187500000001 0.4324166666666666 0.029031250000000064 0.05863888888888893
2 0.40932812500000004 0.3936944444444444 0.018742187500000007 0.023805555555555538
6 0.4129296875 0.41205555555555556 0.005039062500000036 0.007833333333333314
6 0.56984375 0.4013888888888889 0.0038906250000000143 0.007930555555555606
2 0.574296875 0.38102777777777774 0.01911718750000002 0.021319444444444478
3 0.7053828125 0.5557361111111111 0.11079687499999995 0.49381944444444437
3 0.70175 0.6547638888888889 0.06768750000000008 0.2915555555555555