2 0.45490624999999996 0.27493055555555557 0.04292187500000004 0.07763888888888885
2 0.28718750000000004 0.26122222222222224 0.053468750000000044 0.05816666666666666
2 0.3365703125 0.36704166666666665 0.016070312500000038 0.03568055555555559
20 0.0217421875 0.42436111111111113 0.031507812499999996 0.07493055555555563
23 0.0095703125 0.4424166666666667 0.0160859375 0.09118055555555553
2 0.631828125 0.45688888888888884 0.02176562499999992 0.03679166666666668
2 0.7464453125 0.29131944444444446 0.014390625000000056 0.023111111111111093
1 0.74503125 0.4168888888888889 0.011562499999999965 0.028236111111111167
1 0.6421953125 0.57125 0.00900781249999998 0.019472222222222196
2 0.49725 0.47744444444444445 0.016007812500000006 0.030291666666666592
7 0.48376562500000003 0.5060972222222222 0.015812500000000007 0.04790277777777779
7 0.6324687499999999 0.5078333333333334 0.036429687500000085 0.0712083333333333
7 0.75915625 0.3650277777777778 0.026414062499999957 0.08718055555555553
7 0.428640625 0.4108611111111111 0.06181250000000005 0.16298611111111114
7 0.3246484375 0.415875 0.012312499999999994 0.038111111111111186
8 0.4897578125 0.49480555555555555 0.030031250000000044 0.06501388888888882
8 0.62934375 0.5105 0.05920312499999998 0.1440138888888888
8 0.75240625 0.41380555555555554 0.035242187499999925 0.2601666666666667
6 0.7439296875 0.32158333333333333 0.009367187500000007 0.016180555555555524
6 0.6316015625 0.4914861111111111 0.010148437500000006 0.014722222222222255
6 0.4468515625 0.3265 0.0201171875 0.026013888888888913
6 0.2877109375 0.32643055555555556 0.029960937500000017 0.03380555555555552
8 0.43728125 0.5097222222222222 0.08803906250000004 0.5511944444444445
8 0.3317421875 0.40293055555555557 0.02427343750000004 0.10745833333333334
8 0.27468750000000003 0.5260972222222222 0.10882031249999997 0.5958333333333332
1 0.32209374999999996 0.5377222222222222 0.015500000000000024 0.06354166666666666
1 0.23543750000000002 0.5532916666666666 0.02139843749999999 0.0619305555555556
11 0.2688671875 0.4383472222222222 0.10387500000000002 0.23383333333333337