15 0.733171875 0.9071944444444444 0.11212499999999999 0.18561111111111125
15 0.37692187499999996 0.5840555555555556 0.703265625 0.818111111111111
8 0.2657421875 0.5916388888888889 0.016445312499999965 0.051486111111111184
11 0.26564062499999996 0.5948194444444445 0.01478906249999996 0.029986111111111154
11 0.8225859375000001 0.4947916666666667 0.02124999999999986 0.04776388888888887
11 0.9890625 0.5159722222222223 0.021875 0.03194444444444444
11 0.95765625 0.5415138888888889 0.024554687499999873 0.040555555555555615
2 0.9823906250000001 0.5310972222222222 0.01062499999999993 0.017583333333333288
2 0.9688437499999999 0.5160694444444445 0.010750000000000171 0.016138888888888894
2 0.8340703125 0.46281944444444445 0.008609374999999985 0.012541666666666628
8 0.8248359375 0.5027916666666666 0.031617187499999845 0.09425000000000001
1 0.9723828125 0.5347361111111111 0.003593749999999929 0.007513888888888844
8 0.9855937499999999 0.5278472222222222 0.028812500000000085 0.056750000000000016
8 0.9534375 0.5418611111111111 0.041015625 0.06733333333333336
2 0.881875 0.155 0.011468749999999871 0.012263888888888906
11 0.8745703125000001 0.18448611111111113 0.018421874999999942 0.038749999999999986
8 0.8739062499999999 0.2050138888888889 0.027874999999999872 0.11384722222222224