8 0.0296875 0.5235092592592593 0.045437500000000006 0.1334074074074074
11 0.03295833333333333 0.49800000000000005 0.031093749999999996 0.05337962962962966
2 0.03521875 0.46531481481481485 0.012744791666666666 0.011990740740740783
11 0.6606458333333334 0.41535185185185186 0.013302083333333315 0.02727777777777781
2 0.662171875 0.39385185185185184 0.005140624999999943 0.008490740740740703
8 0.6625208333333333 0.4297222222222222 0.01811979166666665 0.07961111111111113
8 0.3129427083333333 0.28947222222222224 0.005265624999999948 0.02338888888888888
15 0.3189166666666667 0.2918888888888889 0.057942708333333336 0.0955555555555556
23 0.3468333333333333 0.3170462962962963 0.021546874999999945 0.0345555555555556
23 0.38325000000000004 0.3377777777777778 0.04360416666666668 0.06792592592592595
11 0.32603125 0.32663888888888887 0.006640625 0.017870370370370328
8 0.326125 0.33479629629629626 0.007223958333333277 0.04976851851851852
13 0.50978125 0.5387777777777778 0.15459375000000003 0.30162962962962964
8 0.5940937500000001 0.6395462962962963 0.0383541666666666 0.08728703703703702
0 0.6077239583333333 0.49212962962962964 0.5271822916666667 0.8546296296296296
10 0.0445625 0.5556018518518518 0.005442708333333327 0.04049074074074076
15 0.20447395833333332 0.23682407407407405 0.018192708333333307 0.037148148148148125
23 0.264796875 0.2155 0.008390625000000007 0.014879629629629623
23 0.24665625 0.20612962962962963 0.004531250000000024 0.008120370370370354
23 0.24538541666666666 0.21825 0.009036458333333346 0.013851851851851832
23 0.24641145833333333 0.23334259259259257 0.012932291666666687 0.016805555555555535
23 0.25647395833333336 0.23975925925925926 0.012833333333333327 0.02092592592592595
23 0.2666510416666667 0.25171296296296297 0.014499999999999987 0.020851851851851837
23 0.281390625 0.24466666666666667 0.013041666666666648 0.01712037037037038