11 0.029479166666666664 0.5019074074074074 0.026463541666666663 0.05873148148148149
2 0.028515625 0.47014814814814815 0.012546875000000002 0.014731481481481505
8 0.6410052083333333 0.660324074074074 0.04213541666666672 0.08275000000000012
7 0.64765625 0.655787037037037 0.018572916666666592 0.032370370370370403
13 0.50175 0.5289537037037036 0.15622395833333336 0.29600000000000004
0 0.5604166666666667 0.5038425925925926 0.6156822916666665 0.8145648148148148
23 0.7817500000000001 0.46513888888888894 0.10326562499999999 0.09266666666666665
11 0.6631145833333334 0.4214907407407407 0.011833333333333229 0.0352962962962963
2 0.6546666666666667 0.4018796296296296 0.007760416666666714 0.00887962962962966
8 0.6598437500000001 0.4342037037037037 0.019708333333333408 0.07637962962962964
23 0.35402083333333334 0.3306296296296296 0.013906250000000024 0.057546296296296276
23 0.3833645833333333 0.33685185185185185 0.04343229166666672 0.06814814814814817
8 0.026322916666666665 0.5147499999999999 0.03247395833333334 0.10542592592592588
10 0.04560416666666667 0.5579259259259258 0.0043645833333333306 0.03252777777777788
15 0.21151041666666667 0.2534722222222222 0.026677083333333348 0.0459722222222222
23 0.265703125 0.21758333333333335 0.008729166666666661 0.01139814814814815
23 0.25515104166666663 0.2397222222222222 0.012875000000000015 0.017777777777777795
23 0.2681510416666667 0.2463425925925926 0.013192708333333325 0.019814814814814792