3 0.167828125 0.4196666666666667 0.16520312500000003 0.8393333333333334
8 0.4478671875 0.6326111111111111 0.11072656250000001 0.44577777777777783
8 0.317234375 0.6579305555555556 0.124015625 0.30594444444444446
8 0.2756171875 0.5675416666666666 0.07872656249999999 0.2977916666666667
1 0.3085546875 0.5965 0.011070312499999967 0.036138888888888866
7 0.2855078125 0.5229166666666667 0.04034374999999999 0.09486111111111105
7 0.348765625 0.6132361111111111 0.04553124999999998 0.08431944444444449
7 0.42482031249999996 0.5934861111111112 0.05978124999999999 0.17554166666666665
6 0.28024218749999996 0.47531944444444446 0.017874999999999995 0.016013888888888852
6 0.324640625 0.5602777777777778 0.008320312499999982 0.011083333333333358
6 0.455015625 0.4975555555555556 0.01632031250000008 0.029416666666666598
2 0.2779453125 0.43694444444444447 0.029820312499999967 0.0356666666666666
2 0.3326484375 0.5327777777777778 0.03996093749999998 0.05412500000000004
2 0.44621875 0.43998611111111113 0.059375 0.06133333333333329