4 0.60884375 0.37270833333333336 0.08071093749999995 0.19581944444444446
0 0.147953125 0.36174999999999996 0.2958984375 0.7234999999999999
4 0.9126484375 0.27015277777777774 0.049921875000000074 0.16134722222222225
2 0.9189296875 0.10488888888888886 0.156234375 0.18348611111111113
2 0.57521875 0.20906944444444445 0.15603906250000002 0.28073611111111113
2 0.414375 0.5334583333333333 0.14266406249999997 0.26730555555555563
11 0.41870312500000006 0.6267916666666667 0.39015625000000004 0.23968055555555562
11 0.8009765625 0.508638888888889 0.3935468749999999 0.5867083333333334
11 0.9365859375 0.5258055555555556 0.12682031249999995 0.46630555555555564
8 0.9204062499999999 0.38309722222222214 0.15918750000000018 0.7483194444444444
8 0.74765625 0.43194444444444446 0.5046875 0.7361111111111112
8 0.411390625 0.5978611111111111 0.409015625 0.40406944444444437
4 0.40859375 0.6779861111111111 0.060843750000000044 0.04336111111111115