2 0.17053125 0.22834722222222223 0.02233593749999998 0.020930555555555546
2 0.276203125 0.18683333333333335 0.015914062500000003 0.026430555555555575
2 0.7504921875 0.10152777777777777 0.018187499999999978 0.03158333333333334
2 0.6689375 0.08911111111111111 0.022078124999999994 0.027180555555555545
11 0.7471640625 0.1472638888888889 0.023273437499999973 0.058402777777777796
11 0.6794140625 0.16541666666666666 0.04792187499999993 0.09645833333333331
1 0.6545156249999999 0.2512361111111111 0.010812499999999937 0.028513888888888853
1 0.7253046875 0.14879166666666666 0.009812499999999957 0.014583333333333334
1 0.7242265625 0.114 0.010476562500000064 0.021402777777777774
1 0.27132812500000003 0.24981944444444446 0.006156249999999997 0.01352777777777779
1 0.264046875 0.2556111111111111 0.0072343749999999925 0.01644444444444441
1 0.191046875 0.3333055555555555 0.0077187499999999964 0.02077777777777775
11 0.1625625 0.2878194444444444 0.0308125 0.07218055555555551
11 0.249984375 0.22075 0.041593750000000006 0.06304166666666665
8 0.256671875 0.2513472222222222 0.055960937499999995 0.15720833333333334
8 0.1809296875 0.3302083333333333 0.0675625 0.22811111111111113
8 0.69075 0.227125 0.07938281249999993 0.30147222222222225
8 0.7428515625000001 0.1635138888888889 0.04573437499999997 0.1560277777777778