20 0.71084375 0.5663750000000001 0.02466406249999995 0.030888888888888903
9 0.91796875 0.5304444444444445 0.08041406249999987 0.08402777777777778
9 0.9931328125000001 0.5261944444444444 0.013726562500000128 0.06165277777777776
14 0.9735390625000001 0.5260277777777778 0.03182812499999983 0.15236111111111117
1 0.9772734375000001 0.4330833333333333 0.0193359375 0.04672222222222221
1 0.95828125 0.43125 0.0143437500000001 0.03997222222222219
11 0.969265625 0.32543055555555556 0.06146874999999987 0.1431527777777778
6 0.956515625 0.2715694444444444 0.013398437500000072 0.03079166666666669
2 0.9471718750000001 0.23450000000000001 0.03464843749999993 0.0585
8 0.9651406250000001 0.32933333333333337 0.06971874999999983 0.25125
17 0.5845234375 0.5778333333333333 0.021585937500000086 0.02744444444444443
19 0.6040390625 0.568625 0.02876562499999995 0.04002777777777785
19 0.5143359375000001 0.5910833333333333 0.14984374999999997 0.13195833333333332
9 0.32515625 0.55975 0.010070312499999989 0.03615277777777774
9 0.354453125 0.5760833333333333 0.06685156250000004 0.07418055555555551
17 0.3933046875 0.5901944444444445 0.009937500000000021 0.03615277777777774
16 0.4180703125 0.5849027777777778 0.03903906250000002 0.047999999999999925