13 0.767578125 0.32156481481481486 0.18635416666666677 0.15136111111111114
23 0.5964583333333333 0.13685185185185186 0.022963541666666743 0.029694444444444437
23 0.5717916666666666 0.1362685185185185 0.024489583333333325 0.02635185185185183
23 0.5471822916666667 0.13190740740740742 0.0237552083333334 0.031712962962962964
23 0.5233489583333334 0.1293425925925926 0.024692708333333376 0.02781481481481482
23 0.4890625 0.1256759259259259 0.026203124999999973 0.0282037037037037
23 0.4637760416666667 0.12415740740740741 0.02355208333333335 0.027953703703703703
23 0.44009375 0.12280555555555556 0.024880208333333324 0.027564814814814813
23 0.41534895833333335 0.12072222222222222 0.024869791666666665 0.027083333333333334
23 0.3949947916666667 0.11862037037037039 0.024526041666666623 0.02704629629629629
23 0.375390625 0.11642592592592592 0.0238645833333333 0.02637037037037036
23 0.35928125000000005 0.11461111111111111 0.023932291666666692 0.0282962962962963
23 0.3396822916666667 0.11439814814814815 0.027968750000000025 0.027879629629629615
23 0.31790625 0.11212962962962962 0.027046875000000033 0.028879629629629627
23 0.19325 0.08357407407407408 0.029109374999999993 0.027324074074074067
23 0.2445625 0.0324537037037037 0.011848958333333333 0.01424074074074074
23 0.23201041666666666 0.03562037037037037 0.012697916666666665 0.015685185185185184
23 0.22419791666666666 0.037361111111111116 0.015536458333333355 0.015675925925925923
23 0.21567187499999999 0.039185185185185184 0.015390624999999976 0.013740740740740744
23 0.20681770833333332 0.04212962962962963 0.013015625000000005 0.014731481481481479
23 0.19386979166666668 0.04477777777777778 0.02052604166666665 0.01687037037037037
23 0.12982291666666665 0.06154629629629629 0.044057291666666686 0.040018518518518516
23 0.10141145833333334 0.06832407407407408 0.047354166666666676 0.044592592592592586
23 0.082453125 0.07342592592592592 0.0469375 0.04050000000000001
14 0.30175 0.19896296296296295 0.005249999999999962 0.023703703703703723
10 0.78228125 0.1751388888888889 0.012322916666666591 0.006916666666666692
8 0.39771354166666667 0.486462962962963 0.010677083333333334 0.037027777777777784
13 0.4750260416666666 0.46392592592592596 0.1036041666666667 0.23554629629629628
0 0.43193750000000003 0.4232592592592593 0.5504166666666667 0.7215185185185186