11 0.4109375 0.02361111111111111 0.0546875 0.04722222222222222
8 0.4009296875 0.08609722222222223 0.13292187499999994 0.17219444444444446
6 0.218734375 0.33040277777777777 0.02076562500000003 0.03181944444444448
6 0.501671875 0.6212916666666667 0.012976562499999922 0.030263888888888837
2 0.21909375 0.25729166666666664 0.06946875 0.10387500000000002
2 0.47232031250000006 0.577388888888889 0.06142187500000009 0.1369305555555556
11 0.5666796875 0.5816388888888888 0.1396484375 0.19502777777777772
11 0.1823671875 0.47445833333333337 0.09423437500000001 0.31797222222222227
8 0.1882578125 0.5306527777777778 0.103375 0.6525833333333334
8 0.5520859375 0.6693888888888888 0.21495312500000008 0.37448611111111113
3 0.46857812499999996 0.42880555555555555 0.14839062500000005 0.8576111111111111