2 0.1488515625 0.43825000000000003 0.0714453125 0.07095833333333337
2 0.278296875 0.43618055555555557 0.02899218750000001 0.035069444444444445
2 0.34260156249999996 0.5268611111111111 0.032601562500000014 0.05768055555555552
6 0.2819921875 0.47604166666666664 0.018515625000000036 0.019541666666666735
6 0.1597109375 0.506361111111111 0.019484374999999998 0.028597222222222267
1 0.31025 0.5960694444444444 0.008984375 0.03658333333333338
3 0.19837500000000002 0.29718055555555556 0.10460156250000001 0.5943472222222222
7 0.34896875 0.6136805555555556 0.04381250000000003 0.10004166666666663
7 0.28296875 0.5268472222222222 0.04332812500000003 0.09305555555555556
7 0.1202578125 0.6178194444444445 0.07077343750000001 0.1985972222222223
6 0.33299218750000004 0.5562361111111112 0.010562499999999985 0.012944444444444514
8 0.320953125 0.6581805555555555 0.12320312499999994 0.3163611111111111
8 0.276078125 0.5653611111111111 0.07510937499999999 0.29738888888888887
8 0.14545312500000002 0.6327638888888889 0.12245312500000001 0.4530277777777777